38 79 17
67 55 13
90 50 13
89 49 15
82 56 8
65 54 17
66 55 6
93 48 11
64 62 17
56 67 16
64 57 9
79 68 6
44 80 7
68 67 15
39 79 13
62 63 12
61 65 14
43 76 13
42 81 15
63 69 17
64 64 17
40 68 6
89 49 5
64 52 15
31 76 14
61 64 6
64 63 16
24 79 12
37 81 11
65 64 14
97 61 5
91 49 9
45 53 10
69 72 7
38 79 19
57 77 11
63 63 8
59 61 16
67 58 16
51 76 18
66 76 5
63 63 5
66 62 7
84 52 10
93 46 17
39 79 11
60 65 14
60 72 5
66 63 7
64 40 11
68 59 12
38 1 2
89 48 16
63 64 5
62 54 12
60 53 10
30 71 9
33 77 11
67 54 6
67 67 18
67 55 5
58 71 15
75 53 6
67 61 13
68 67 17
91 48 15
64 74 13
91 60 12
77 13 5
62 65 16
64 68 15
90 49 15
119 101 5
18 72 14
59 70 16
36 88 9
79 67 19
13 30 1
53 66 5
62 68 19
68 55 18
86 46 8
72 74 15
56 64 6
34 62 2
2 88 2
33 28 4
73 49 10
65 58 17
37 81 6
125 18 4
88 51 17
39 83 16
45 66 15
64 64 5
64 64 10
7 126 3
74 65 6
91 47 18
67 65 15
89 52 19
77 45 7
42 90 18
39 72 7
40 85 7
61 63 5
54 59 8
63 67 15
89 50 8
60 96 8
39 85 18
40 82 5
93 36 15
65 66 5
97 55 5
37 80 17
55 86 12
92 49 7
55 66 14
90 48 6
105 21 8
32 75 16
87 53 6
66 60 10
54 39 15
56 63 14
91 46 6
59 78 19
36 75 16
65 58 9
41 75 19
40 81 11
55 69 15
32 73 11
62 63 19
89 51 10
76 69 9
69 67 18
66 66 17
65 64 11
81 48 14
73 75 13
66 56 16
42 89 11
35 82 19
58 63 12
69 61 8
11 121 2
56 69 6
64 64 15
66 70 13
82 62 7
63 69 12
72 71 16
62 59 16
52 64 14
58 43 17
40 80 5
59 78 19
55 70 7
38 80 16
62 59 8
71 59 13
36 80 12
29 39 7
91 49 6
42 73 9
69 62 6
53 69 19
71 59 10
62 66 16
64 63 17
72 60 16
78 69 18
42 74 12
39 96 14
52 84 8
56 54 12
46 81 13
123 29 3
90 48 18
56 56 11
62 70 17
84 45 7
36 76 7
68 55 14
69 67 13
40 79 12
64 66 7
93 60 7
36 81 8
63 65 13
43 77 15
99 0 7
39 81 6
60 56 6
78 57 6
40 79 7
44 76 7
65 61 10
39 77 10
121 33 4
48 78 7
77 66 14
65 71 14
38 81 9
62 68 10
60 58 8
90 50 11
28 76 10
63 66 6
51 61 14
63 61 16
54 124 2
62 61 7
54 78 18
77 56 6
42 77 8
65 72 11
97 55 13
49 63 5
68 62 17
60 65 6
36 76 12
65 65 15
60 53 18
88 90 3
63 57 5
88 50 17
36 75 14
67 71 6
17 105 1
88 52 13
41 82 16
75 70 17
60 63 10
40 79 18
43 80 16
66 61 17
66 54 11
58 61 16
65 70 9
63 60 19
66 62 11
63 56 18
64 65 10
66 63 19
86 50 13
72 47 6
56 82 7
62 60 9
42 80 15
34 70 17
67 71 16
91 53 5
61 61 15
64 64 11
67 54 9
62 59 15
57 60 15
38 80 14
65 64 17
92 46 14
89 49 7
105 72 6
93 46 19
44 80 12
66 53 14
48 78 15
44 78 10
43 79 7
53 73 5
40 67 14
59 71 17
40 84 7
88 48 10
58 71 18
39 77 9
21 113 6
26 75 8
59 73 5
63 64 10
65 67 9
72 61 7
93 49 16
9 18 8
88 49 16
48 59 12
74 64 6
92 53 15
91 41 10
63 64 18
51 35 4
66 73 16
68 65 8
63 63 9
62 52 11
90 50 5
65 66 7
44 83 6
50 74 5
60 55 10
81 73 12
38 78 6
56 67 5
45 78 14
78 59 8
66 67 16
91 55 12
59 65 16
62 62 10
117 73 1
53 65 7
63 63 9
62 63 6
34 83 6
72 68 8
44 79 18
65 58 15
93 44 7
82 67 6
40 74 6
67 69 16
71 118 6
63 66 10
37 74 19
65 66 19
10 92 1
63 62 14
73 68 8
90 56 18
68 55 13
88 52 16
58 63 13
82 28 5
63 44 12
3 65 2
65 64 9
65 66 7
57 68 6
49 61 5
57 61 19
37 81 14
38 73 17
37 92 19
78 69 14
61 64 13
33 90 15
68 62 18
65 60 5
45 84 10
58 83 10
39 78 9
94 40 11
59 58 14
65 72 10
50 89 9
34 88 16
40 81 18
79 47 14
51 70 11
42 74 15
65 66 18
40 79 13
63 55 19
35 84 9
39 79 9
84 51 9
65 65 14
56 52 10
77 59 8
63 66 8
44 81 17
62 81 17
68 61 14
70 59 12
33 70 9
9 50 1
67 63 8
3 108 6
52 60 16
41 85 15
59 64 19
64 62 8
69 59 15
66 52 13
36 82 9
59 64 6
49 79 8
40 81 19
86 47 9
64 63 12
54 67 19
1 72 1
99 48 13
66 65 16
71 74 5
60 68 11
37 78 9
58 63 12
66 63 13
121 54 2
64 64 14
39 73 7
95 53 19
61 58 8
90 50 13
84 49 18
62 63 10
43 75 8
48 67 6
38 85 15
68 60 6
27 89 5
76 81 12
54 75 15
88 54 7
67 60 15
63 63 18
40 80 19
71 109 8
64 64 15
45 64 9
59 51 10
39 80 5
41 83 6
71 72 19
91 49 6
62 62 5
93 63 7
63 65 19
97 50 5
51 84 9
63 64 11
95 56 10
127 118 1
90 49 11
41 81 18
61 72 10
65 67 6
60 71 5
72 62 8
38 81 13
65 52 19
57 59 13
41 92 19
16 50 8
117 0 1
40 74 5
71 63 14
40 78 11
43 89 1
65 62 16
64 64 8
97 48 12
41 79 7
59 56 14
66 61 5
66 64 18
73 62 5
66 60 13
58 68 13
56 62 5
62 67 7
64 53 7
64 70 6
42 81 16
64 64 17
63 64 8
73 64 7
76 58 18
40 80 15
41 84 11
50 72 11
63 63 9
63 62 12
62 56 19
82 5 6
64 62 13
66 41 13
46 83 19
45 72 5
84 65 8
62 65 7
62 62 6
60 64 14
62 56 9
73 75 12
76 97 7
75 55 13
91 54 7
63 69 8
47 73 9
92 51 14
60 80 11
95 42 11
69 65 6
66 74 18
64 65 19
39 72 14
88 47 13
64 63 14
64 60 5
86 55 8
64 41 15
86 47 17
91 40 14
59 65 12
54 11 3
55 74 10
60 65 6
39 79 13
35 78 14
68 67 8
81 110 3
68 70 14
77 57 16
63 64 13
67 59 14
61 59 15
87 49 16
64 62 11
31 78 12
63 62 19
69 66 14
58 86 17
64 53 15
22 77 8
92 50 5
64 64 11
84 55 9
37 78 16
40 80 12
66 60 17
84 55 16
68 66 18
75 48 14
60 60 8
34 72 15
72 57 5
88 48 15
56 67 19
84 42 6
52 63 6
64 63 12
40 77 5
56 63 19
64 66 16
67 55 11
54 67 13
70 62 5
54 59 9
90 41 11
63 69 7
62 55 9
61 59 10
63 57 7
87 46 16
42 81 15
62 50 9
47 80 14
60 65 9
37 84 5
61 48 2
60 51 6
94 56 14
56 66 10
24 68 13
65 63 11
41 86 16
44 76 14
91 48 6
71 59 19
42 76 17
69 66 18
38 82 9
123 82 1
69 55 14
86 51 18
67 63 17
64 63 17
42 83 14
64 63 19
90 49 10
62 67 18
66 66 7
46 57 17
70 65 7
71 57 12
43 84 5
71 67 10
40 79 6
35 79 12
88 38 2
46 82 6
65 64 9
43 84 11
40 79 13
91 53 15
33 71 7
62 61 7
89 48 11
39 80 19
121 63 1
63 64 6
34 77 10
57 58 5
62 58 19
68 83 13
62 60 6
65 63 11
99 44 5
59 78 17
37 79 16
78 68 8
62 69 5
64 65 13
66 80 8
91 71 14
60 61 7
61 74 17
35 86 8
67 41 2
47 61 17
29 9 1
38 92 10
66 54 8
33 81 12
48 84 9
0 88 5
60 66 15
49 53 19
62 68 8
62 64 6
79 58 18
69 58 9
68 61 19
43 76 6
63 66 5
75 63 17
60 61 9
80 52 8
33 89 18
85 52 6
67 70 11
49 94 8
59 47 14
87 54 18
62 67 9
59 60 10
66 63 19
52 75 9
66 66 17
55 33 6
53 90 13
86 111 6
65 68 11
83 60 11
64 68 16
60 59 7
86 47 14
62 62 12
90 47 18
36 87 14
66 51 10
65 72 16
68 66 16
90 66 3
89 55 13
73 54 14
63 64 11
67 65 18
40 75 11
52 54 19
87 45 7
42 73 14
48 83 18
60 60 16
65 56 15
90 42 19
89 49 12
66 63 12
99 45 15
54 74 6
59 77 13
60 63 5
66 68 16
64 63 12
60 62 7
63 50 8
37 73 5
91 54 6
89 47 15
58 59 12
47 62 7
61 63 16
64 64 7
78 57 18
65 61 6
70 58 14
111 46 8
71 71 19
38 82 7
96 55 18
60 68 7
64 62 14
54 60 14
89 49 12
58 69 14
64 62 6
50 82 8
91 50 15
90 53 19
42 76 8
57 69 9
40 80 5
91 50 18
78 67 10
59 61 6
94 56 12
57 48 19
97 3 1
101 101 1
71 66 18
91 53 5
39 74 10
49 81 19
64 64 19
44 72 10
62 62 18
64 64 19
60 63 12
60 75 16
72 66 7
87 41 5
68 60 9
65 60 5
42 81 13
70 65 6
63 61 13
66 60 16
39 76 10
44 53 17
74 64 5
39 79 16
67 75 7
41 83 14
72 51 2
97 47 17
61 63 7
35 73 12
65 69 10
60 69 6
65 65 15
67 65 11
77 56 9
66 79 13
125 48 3
86 52 12
73 75 10
3 22 7
53 52 18
61 63 12
63 60 7
61 77 19
36 70 12
70 68 12
64 65 16
42 77 8
52 74 9
58 55 15
61 70 10
51 67 9
68 60 17
36 76 18
76 73 6
28 80 9
125 109 1
74 73 10
38 87 17
65 64 19
49 60 9
72 70 11
64 60 16
40 77 10
90 49 6
38 81 5
55 51 10
60 74 12
88 50 19
64 61 5
64 68 8
61 69 6
58 66 8
68 34 13
61 80 8
56 69 9
62 62 18
59 64 11
60 49 13
29 88 13
36 82 10
65 64 6
71 76 19
64 63 15
72 51 18
69 65 12
56 69 15
78 67 14
36 84 12
49 85 14
119 50 2
57 57 13
24 84 7
61 67 18
65 70 8
39 76 15
62 66 7
54 62 10
80 77 7
79 73 15
43 80 15
78 71 10
61 62 7
87 52 17
84 121 3
70 76 6
40 82 6
36 76 15
18 51 3
40 75 16
54 64 13
48 83 19
63 64 14
62 58 14
69 56 7
88 48 15
39 78 17
18 89 6
31 93 16
36 76 13
69 69 13
87 50 19
65 60 15
64 52 14
14 108 1
78 46 6
64 63 6
66 56 5
62 63 13
51 60 13
59 63 14
32 90 17
89 47 5
64 75 11
67 75 8
72 74 16
39 78 19
87 45 13
49 71 7
65 65 17
65 63 13
39 76 16
58 63 7
68 60 18
61 60 7
41 80 13
61 84 6
63 69 8
64 54 5
69 58 16
93 48 12
38 73 17
66 64 5
73 45 13
85 45 15
78 103 8
41 87 10
45 74 18
41 80 19
58 63 6
40 80 7
66 63 14
59 63 17
40 80 9
38 78 5
66 64 16
40 78 19
113 110 5
61 63 5
35 79 6
72 110 2
32 55 4
67 60 13
39 82 15
75 58 16
91 53 18
62 57 11
73 68 13
88 53 11
36 82 19
32 86 6
65 59 8
65 63 7
34 88 17
66 62 10
105 51 2
74 58 16
63 68 14
40 79 19
60 59 14
40 80 17
68 56 6
43 75 14
57 63 13
98 122 3
90 62 6
57 69 14
61 61 16
68 60 11
104 93 8
56 68 7
59 96 6
35 83 17
61 56 10
59 122 3
69 61 14
82 62 7
66 66 16
69 62 16
89 50 6
62 58 9
62 63 6
43 71 15
60 77 8
65 66 13
42 83 12
43 77 8
97 44 15
47 68 12
51 68 16
41 79 7
42 82 15
39 82 17
58 68 17
64 65 15
67 59 15
43 79 7
59 69 5
58 65 15
34 90 4
35 81 10
59 62 5
41 64 13
41 79 10
81 31 7
44 80 11
39 78 14
51 62 18
57 75 11
81 124 4
60 64 13
40 80 14
58 62 17
52 55 13
42 78 14
29 74 14
40 79 13
115 49 3
87 55 13
53 57 17
61 69 19
89 49 5
78 108 5
75 49 15
70 53 10
64 63 19
63 56 15
88 55 6
43 82 6
56 63 6
93 43 16
65 70 11
56 51 12
86 55 17
66 52 12
56 64 7
65 74 15
43 50 10
58 54 11
100 44 16
62 64 9
62 61 7
55 45 15
55 82 17
65 63 19
63 64 5
58 67 10
53 48 5
48 69 12
66 64 13
39 80 12
42 83 17
80 37 6
70 66 15
71 96 2
71 25 1
71 52 8
41 81 12
60 66 10
52 94 8
110 110 7
90 48 16
66 66 10
40 79 16
72 65 12
51 55 17
64 64 18
41 79 15
68 65 19
60 62 8
63 61 5
60 80 19
90 58 5
61 64 7
72 58 15
38 84 10
67 63 17
56 65 11
74 62 5
45 89 18
64 63 9
64 64 9
47 73 12
44 38 12
64 64 10
72 57 5
88 50 14
68 63 11
71 73 13
57 62 11
62 64 14
57 51 17
89 44 18
59 71 6
47 91 7
63 60 7
33 63 8
80 66 13
61 65 8
68 64 6
89 48 11
58 64 13
75 61 6
37 77 5
90 55 11
42 77 18
57 73 9
70 63 6
66 68 10
40 81 13
85 48 15
61 64 19
87 33 8
93 53 15
54 53 12
60 55 18
44 83 13
50 79 15
39 79 14
75 63 7
63 63 18
64 64 10
57 71 9
55 31 12
69 58 11
67 79 11
57 61 17
85 76 9
74 65 8
41 80 9
38 78 9
67 57 12
88 47 14
66 65 6
56 124 7
44 125 2
90 50 19
61 54 9
43 75 15
38 81 13
61 66 7
51 52 12
65 64 8
65 58 19
74 61 16
39 64 12
63 64 17
82 44 19
20 91 18
68 59 12
88 50 15
62 58 11
9 54 8
58 78 17
64 58 19
62 61 7
55 82 12
58 57 5
57 59 14
69 62 16
90 50 7
76 69 17
38 81 13
71 65 6
57 71 15
31 32 8
73 44 13
36 59 15
40 77 5
32 82 8
123 39 8
60 42 15
29 77 11
40 79 13
85 43 11
29 76 15
62 59 17
80 37 4
61 46 18
67 51 11
38 29 8
68 70 5
66 69 18
32 93 14
40 81 12
47 58 10
85 95 6
33 70 18
32 44 5
39 79 10
75 69 15
44 89 13
64 64 12
68 62 19
29 94 7
90 51 6
65 64 9
62 62 8
40 79 8
89 50 19
29 27 8
45 92 8
70 76 15
103 62 3
41 74 5
59 69 14
65 56 5
42 73 11
54 41 6
65 55 18
50 77 8
90 51 14
92 60 11
68 49 4
44 83 15
78 61 12
45 82 16
55 74 13
43 80 13
66 74 8
65 62 10
87 48 5
67 63 12
82 41 12
68 56 19
67 62 11
62 62 15
70 52 9
69 77 15
64 63 12
58 59 7
92 43 12
19 21 5
39 38 1
96 93 2
70 66 12
39 80 18
65 48 13
46 68 14
44 58 14
41 71 14
38 82 19
116 103 4
64 64 18
44 69 13
50 74 3
90 36 13
57 69 11
37 84 10
43 81 13
65 63 5
78 52 15
32 84 10
44 76 12
64 69 10
73 44 1
74 58 6
90 50 12
55 70 13
93 46 12
33 93 19
67 61 10
75 66 10
81 60 11
68 67 12
40 87 19
65 51 15
56 64 11
59 66 19
53 66 17
75 58 7
87 52 16
60 50 15
63 67 7
34 89 10
90 59 18
57 64 5
42 77 7
94 46 16
60 59 16
65 67 7
0 53 3
42 75 8
88 48 9
100 6 8
63 64 15
47 82 8
42 82 5
64 63 18
65 67 9
89 48 19
8 70 4
38 83 5
59 57 7
43 90 7
48 83 9
81 85 8
63 63 18
39 82 6
70 81 16
91 45 7
40 77 7
65 70 16
37 78 15
54 76 15
59 68 12
38 80 16
62 61 13
47 63 18
56 50 19
64 64 14
39 84 10
65 32 6
63 60 7
61 71 6
59 65 9
61 45 15
65 61 19
88 40 5
56 65 17
61 61 6
39 78 7
24 88 6
88 56 15
53 75 5
58 53 10
50 105 8
41 80 19
38 78 19
82 64 4
69 47 6
65 60 13
40 82 13
22 78 12
58 65 15
57 61 12
38 79 16
86 69 12
90 50 9
91 46 10
89 49 7
86 43 14
73 52 12
51 79 19
61 55 15
34 78 19
52 57 12
47 82 8
27 70 11
33 76 10
62 65 7
39 83 9
63 74 13
96 66 7
77 62 10
53 68 18
29 81 6
63 74 18
64 59 15
88 53 12
62 71 9
61 64 16
88 44 8
13 6 3
46 86 11
94 49 6
44 82 15
91 64 2
64 63 15
40 78 12
40 78 6
73 56 12
63 62 11
41 83 11
31 78 15
88 45 10
63 58 6
86 48 11
90 50 6
34 32 4
63 59 19
56 58 9
55 68 17
39 78 17
56 65 19
55 67 11
35 81 7
86 54 7
65 52 5
89 47 17
58 75 19
95 42 5
80 55 16
40 81 16
71 64 10
84 124 7
90 49 19
57 59 14
98 50 11
58 71 19
63 54 13
90 41 6
39 75 14
90 48 10
62 67 12
41 121 6
87 49 13
35 82 16
89 50 10
79 61 7
36 80 13
63 63 17
64 65 19
91 48 17
65 66 5
65 58 7
55 80 13
10 35 5
25 78 15
54 70 8
53 53 17
87 49 17
31 81 9
60 72 5
36 85 9
89 46 6
68 59 16
99 51 11
28 113 1
67 102 5
70 70 13
64 64 5
59 51 11
68 73 6
64 59 16
62 64 7
79 71 6
76 67 8
62 62 10
62 58 10
37 91 8
93 55 17
92 53 13
92 46 14
66 79 16
51 68 10
71 63 14
59 65 17
62 73 16
64 60 13
64 62 10
63 63 9
39 75 15
57 50 13
72 70 17
64 60 9
63 64 18
96 52 7
71 52 5
93 51 10
71 51 15
68 57 16
64 62 14
63 108 3
61 54 10
44 85 17
62 68 8
62 71 11
77 41 5
62 62 11
64 61 6
76 69 11
72 62 13
64 63 10
60 76 8
27 39 4
67 65 18
89 50 18
76 65 13
64 57 10
38 77 12
49 80 10
38 77 13
53 46 8
64 65 13
99 54 15
93 50 15
63 59 7
42 112 6
70 64 5
32 74 11
39 80 13
94 50 13
66 64 10
60 56 19
30 80 9
67 62 18
59 58 8
60 63 8
76 109 3
46 72 11
32 78 13
63 70 13
6 62 4
64 66 13
89 48 5
66 64 18
62 77 9
63 64 9
64 69 18
65 64 13
57 59 15
91 45 18
54 56 14
64 66 10
45 84 6
40 80 16
30 85 6
59 63 16
42 73 15
91 43 14
39 79 8
77 65 17
18 101 5
92 50 15
95 57 18
14 94 3
69 60 9
71 75 14
86 52 14
27 76 19
54 48 5
72 77 8
70 67 19
34 78 18
46 67 8
62 69 14
62 60 15
39 79 8
122 47 2
92 80 19
37 79 17
72 62 10
102 69 7
66 58 17
38 79 18
90 50 14
36 86 12
96 45 6
40 78 13
42 76 5
89 55 1
57 53 7
60 63 13
58 63 11
71 49 17
98 87 4
77 81 5
86 53 16
65 64 9
66 65 7
60 75 17
35 71 10
67 62 6
49 66 19
63 65 14
47 84 17
63 63 9
81 59 5
72 67 16
63 65 11
64 65 12
43 80 12
58 75 9
43 80 19
62 70 14
63 64 14
64 63 6
37 99 5
71 64 6
63 52 16
81 47 7
64 63 5
40 79 14
62 59 18
76 43 8
75 67 9
35 79 16
53 62 15
88 79 16
40 79 12
37 87 9
67 62 18
75 64 17
98 36 1
49 77 9
44 83 19
47 84 14
40 79 15
64 64 16
60 67 18
36 81 6
64 62 10
38 70 15
56 70 11
96 41 8
62 69 19
63 58 19
42 91 12
61 65 6
63 65 5
40 93 14
33 78 18
67 65 15
87 49 18
41 79 16
62 62 17
91 50 19
56 64 17
65 73 19
70 65 15
66 62 9
64 60 12
63 70 13
45 77 9
46 74 18
40 72 15
64 71 7
65 60 15
63 63 16
66 63 17
29 86 8
48 63 18
70 61 11
81 70 13
73 61 12
59 68 9
39 80 5
72 56 15
37 75 13
61 92 8
63 63 14
51 74 17
69 68 15
64 64 16
88 53 17
49 90 9
56 55 9
38 83 12
102 32 5
16 23 5
66 61 5
64 65 6
102 51 6
90 48 19
45 78 18
84 43 4
61 53 9
91 57 7
45 79 17
43 69 10
50 51 14
57 62 12
60 60 18
53 57 10
40 78 19
63 66 9
64 61 6
44 78 11
50 66 8
39 81 9
71 64 17
61 63 11
47 77 8
40 76 15
47 81 10
0 30 2
82 53 12
65 60 16
55 58 19
82 91 1
45 84 19
61 76 7
90 49 12
65 63 17
84 68 7
40 56 5
54 52 10
47 64 5
71 59 9
42 78 18
20 93 7
87 50 10
57 69 18
39 80 9
60 54 18
65 63 13
55 58 8
41 80 19
34 82 16
40 79 14
93 51 12
49 47 11
59 71 5
66 56 6
65 60 6
65 68 10
64 62 19
8 76 2
90 50 19
31 84 13
36 78 17
44 72 10
68 68 17
65 54 12
61 61 5
71 40 18
64 64 19
90 49 17
58 68 16
40 79 17
44 86 19
93 44 6
61 55 6
72 62 5
94 76 5
62 61 15
62 64 11
85 61 14
126 67 3
65 65 13
63 70 9
52 64 19
63 63 12
93 20 6
71 65 14
72 37 12
63 64 5
41 88 7
74 66 19
64 64 13
36 80 14
26 74 6
64 40 7
86 53 19
90 49 18
86 50 5
60 69 19
88 53 15
39 81 12
64 63 5
90 50 7
59 61 15
36 69 14
88 52 10
54 47 18
74 54 17
64 63 7
63 64 15
34 82 15
70 67 18
63 63 6
89 41 12
40 80 13
61 121 8
5 31 6
95 49 9
58 64 16
95 52 19
64 63 9
41 68 7
93 45 8
103 117 8
64 62 11
83 50 8
43 76 8
63 62 17
71 64 19
44 91 7
39 77 16
93 52 15
61 73 16
107 67 4
70 56 16
90 50 18
59 45 17
57 59 8
55 63 10
65 62 17
53 62 7
45 80 13
61 69 18
62 61 7
67 57 17
64 62 14
36 88 8
82 45 17
54 54 12
72 67 6
31 83 15
45 78 8
45 82 5
47 73 7
63 59 19
68 69 13
64 52 6
69 41 13
64 66 14
40 76 9
67 70 11
53 87 4
35 77 7
62 59 19
38 80 9
30 121 4
89 49 14
92 53 10
63 60 10
60 52 5
63 57 14
64 63 13
36 90 6
51 56 16
74 66 5
42 79 12
43 88 19
88 58 16
66 58 15
63 64 11
39 80 14
39 84 9
61 63 17
64 61 10
57 63 11
43 75 9
21 96 7
63 76 11
62 61 6
34 93 16
38 80 19
63 64 5
50 67 11
64 59 6
31 62 4
33 75 12
62 70 17
56 69 13
85 48 5
68 63 12
67 59 14
99 58 4
69 59 14
93 51 18
41 77 6
42 84 6
60 61 5
67 57 18
64 54 14
34 85 8
56 68 12
68 26 3
50 64 5
13 62 4
68 69 5
63 65 17
70 60 10
87 48 5
40 79 5
67 41 5
68 60 12
46 77 9
67 73 10
66 68 18
58 57 13
53 38 19
65 65 18
93 52 16
65 64 10
60 62 13
53 79 19
40 84 19
69 73 16
82 73 7
52 86 11
65 67 18
55 61 13
48 59 5
70 69 12
63 87 10
35 86 15
53 56 7
92 48 14
65 59 8
40 79 17
49 75 17
104 30 4
57 64 16
49 78 19
84 50 12
43 76 18
84 51 16
38 90 16
63 64 7
99 55 13
11 82 7
65 66 7
87 49 11
39 79 8
85 62 7
61 59 18
63 63 8
60 61 16
39 80 19
71 70 15
65 64 18
63 24 4
65 62 14
82 64 15
87 42 7
64 63 11
35 81 8
61 67 15
63 67 7
41 78 6
89 50 12
46 69 19
61 63 17
40 79 10
51 80 18
40 86 12
68 66 8
74 115 5
64 80 13
32 21 2
90 44 19
91 43 16
38 82 13
91 48 15
58 58 16
64 64 19
35 80 5
49 116 8
55 62 14
55 70 11
90 49 19
61 65 10
64 74 13
62 51 19
87 48 15
54 61 12
60 70 19
68 69 6
63 61 17
41 80 14
40 80 15
108 81 3
59 77 5
30 45 7
65 59 5
56 49 3
63 63 7
54 52 18
125 120 4
67 73 17
69 58 10
56 71 7
81 62 13
67 63 12
59 55 11
21 118 2
56 56 6
56 78 14
59 57 6
39 81 19
62 61 12
32 74 14
68 63 8
5 94 8
56 72 12
83 102 6
69 61 9
33 80 18
64 69 10
64 68 13
53 77 7
61 61 18
69 66 16
85 51 17
69 60 12
48 78 12
89 50 5
62 65 6
88 27 1
63 54 12
38 86 14
40 77 8
29 85 13
30 70 12
66 57 17
74 68 18
65 73 18
88 49 19
102 50 7
91 84 2
49 71 5
34 76 7
55 53 14
88 51 12
35 85 18
65 71 14
69 56 13
57 52 13
63 63 15
64 58 11
35 78 13
73 71 11
70 64 15
72 106 3
64 62 11
37 78 7
88 53 18
63 86 15
65 65 19
54 87 16
44 83 14
89 43 19
38 78 7
99 33 5
66 55 13
53 58 16
48 65 9
62 46 8
58 64 16
53 69 13
65 63 6
41 76 10
58 58 17
64 41 16
45 78 7
43 83 16
57 65 5
60 60 8
59 73 10
62 59 15
84 56 11
62 69 11
95 53 15
22 102 8
71 96 7
56 64 17
96 48 12
54 83 19
58 65 11
65 66 8
66 61 6
66 66 8
42 81 11
63 64 5
69 64 8
33 80 12
68 60 17
62 64 5
18 102 8
64 64 9
37 79 15
70 75 6
63 54 10
42 75 12
89 50 19
40 87 8
46 45 3
35 26 2
66 57 14
40 80 11
47 57 8
61 63 15
75 76 8
90 50 17
93 46 6
58 65 15
12 41 3
40 80 14
49 74 17
40 79 6
0 80 7
61 62 19
39 81 15
39 79 9
55 57 18
62 59 12
112 64 2
64 64 13
55 77 14
54 79 5
31 112 3
61 67 17
33 75 6
45 50 6
91 119 7
37 81 17
83 34 13
62 55 10
49 55 17
69 71 18
63 63 10
90 48 14
68 64 5
67 67 17
59 61 10
64 33 7
63 50 9
63 65 16
75 55 10
69 84 6
70 62 12
65 64 13
63 68 8
32 63 11
76 64 14
42 76 11
55 61 17
74 57 18
38 78 19
68 59 16
60 54 8
37 82 13
57 63 6
61 65 9
63 64 5
25 86 14
87 118 1
63 61 7
37 82 12
35 83 7
59 67 19
63 64 19
37 78 18
127 86 2
38 74 18
69 51 6
72 64 13
60 61 18
93 43 6
91 51 8
64 76 8
76 60 19
50 58 18
71 63 16
37 71 19
35 82 12
63 58 5
64 64 5
42 80 18
33 84 9
61 56 6
59 63 17
94 49 18
62 63 8
41 74 14
82 53 17
84 52 17
85 102 3
30 74 7
48 70 13
70 76 14
47 66 13
35 75 8
51 68 5
61 64 17
63 72 11
61 65 17
40 74 15
40 80 9
42 65 19
62 57 13
63 75 14
40 83 18
82 45 8
68 68 8
62 60 15
44 80 16
71 72 19
62 63 16
83 69 14
90 52 19
95 46 7
62 63 9
64 64 10
46 83 19
62 53 17
86 49 19
65 69 16
61 60 7
86 59 12
111 105 7
38 79 12
34 79 18
64 64 12
38 74 8
63 63 17
24 35 8
55 69 6
96 56 7
69 66 17
105 48 17
64 63 11
37 75 5
67 70 18
32 72 15
88 66 2
36 80 7
36 84 11
89 48 10
64 64 5
70 61 7
46 71 13
57 54 16
39 79 10
58 72 14
22 70 1
64 64 19
66 64 5
62 64 19
64 62 14
52 97 8
71 62 15
74 68 6
64 64 9
33 83 13
97 100 1
72 62 19
59 62 18
40 79 10
44 78 12
61 55 13
69 63 19
54 66 12
63 61 8
70 66 6
64 63 7
55 63 10
60 74 13
90 49 16
39 79 18
64 64 16
62 69 7
59 50 5
28 72 10
40 77 9
62 78 12
87 77 8
45 54 3
76 66 11
40 78 6
62 64 6
96 82 4
96 51 12
72 75 16
76 41 17
65 64 16
43 88 13
70 58 18
66 61 15
54 54 17
57 68 15
31 76 7
38 79 14
61 64 13
62 65 13
80 50 15
70 56 6
67 64 18
41 78 7
60 61 9
72 88 14
99 50 11
59 67 13
76 65 8
65 66 6
54 81 12
63 99 1
80 57 5
67 63 18
65 64 17
90 50 8
32 90 5
65 56 12
63 63 5
39 82 6
66 69 7
68 67 12
78 56 10
89 49 18
89 49 8
57 73 15
102 80 2
11 100 4
65 76 18
39 78 9
50 63 11
43 68 5
98 57 14
89 59 10
70 58 9
18 15 1
64 60 17
102 96 8
71 59 15
50 52 8
36 80 5
76 76 13
73 62 18
44 78 17
89 49 15
70 65 7
38 81 8
121 58 7
40 79 10
41 81 12
72 64 9
59 63 8
95 26 6
68 68 16
89 51 13
88 50 10
24 96 17
29 106 8
52 88 2
64 64 18
63 82 7
38 76 19
64 64 18
5 121 4
53 69 5
68 66 15
38 66 18
59 67 6
68 66 11
68 71 11
62 50 5
61 65 6
22 84 19
62 53 13
63 64 10
55 58 11
84 62 13
85 44 19
63 66 9
79 69 5
95 65 5
58 58 9
69 57 10
70 68 11
62 73 18
53 66 16
73 71 13
111 103 5
34 72 12
56 68 19
65 61 13
88 66 11
80 50 17
77 62 6
59 77 13
31 74 15
102 56 1
33 69 19
60 57 14
86 53 18
62 67 6
35 78 7
35 90 17
42 87 14
64 61 16
5 28 8
41 75 11
86 50 15
65 65 16
69 54 5
74 70 16
64 61 9
61 68 18
57 60 15
90 49 12
65 61 15
53 66 11
49 110 6
36 79 12
87 51 12
79 58 12
51 88 18
60 106 3
64 63 18
126 9 6
65 58 11
0 72 6
67 62 15
65 61 7
35 80 10
69 60 12
77 57 12
102 51 18
70 67 6
37 82 15
74 68 9
97 53 7
84 60 17
39 79 13
62 62 10
47 60 5
63 65 5
72 53 17
66 63 19
38 25 7
43 85 13
61 67 5
34 84 14
63 63 5
85 56 11
92 43 7
64 59 7
61 61 15
57 59 10
41 70 5
37 79 8
38 76 8
64 63 7
63 64 9
69 67 15
62 65 7
72 74 5
76 59 5
43 80 14
40 74 8
63 74 14
62 67 19
68 67 6
68 68 10
90 53 12
64 64 14
32 21 8
88 47 17
70 103 5
46 90 9
61 56 15
44 90 11
51 91 18
66 65 12
59 67 9
67 64 18
42 82 16
32 79 5
63 64 12
63 55 17
76 77 17
73 52 16
69 70 19
39 83 18
67 65 7
67 81 8
86 106 2
37 82 15
94 47 15
90 50 19
93 52 7
63 60 6
88 50 16
92 49 15
39 78 6
64 64 16
88 51 7
89 56 2
120 17 3
72 58 7
66 58 13
32 78 19
58 66 12
85 43 16
93 45 15
69 79 13
71 60 8
69 76 7
66 61 18
41 65 15
68 84 3
39 83 11
0 16 1
38 86 14
92 46 10
67 67 15
53 54 14
97 125 2
62 68 15
76 64 11
43 80 18
30 83 6
64 54 19
63 69 17
41 85 15
58 63 14
87 51 8
59 66 10
60 69 14
62 62 13
118 24 2
76 49 10
65 61 8
37 65 6
50 66 17
67 67 14
47 106 2
91 49 17
64 63 14
64 62 10
62 62 14
41 71 8
63 60 7
58 61 18
36 87 7
90 49 12
40 77 15
68 79 6
57 72 16
61 66 6
36 80 6
62 58 13
60 53 15
99 54 11
65 58 11
64 65 15
66 63 18
64 63 19
57 71 9
61 76 13
62 47 16
13 99 7
75 74 6
53 71 18
39 83 15
86 46 5
28 74 17
43 78 19
76 57 10
86 46 8
6 101 2
73 72 9
43 80 5
51 67 13
49 78 13
96 48 9
65 54 13
64 65 13
63 62 9
54 38 11
90 49 17
63 64 17
43 74 13
69 69 9
64 64 16
53 69 6
64 64 11
60 76 5
55 47 19
40 78 5
98 119 8
61 62 19
89 49 6
126 46 1
74 70 5
84 57 16
63 52 6
63 62 16
81 54 5
43 83 7
63 64 8
55 76 13
63 64 13
76 78 6
39 80 18
51 80 19
79 54 6
40 81 9
72 35 6
56 57 17
66 64 8
78 68 6
45 65 14
40 80 9
85 57 11
39 80 7
38 77 17
56 80 9
70 78 7
40 79 10
63 70 7
59 46 7
51 23 5
55 77 11
20 104 8
64 63 17
61 70 9
73 63 18
68 63 11
91 53 10
99 51 7
46 74 7
47 83 17
89 49 12
67 67 10
66 62 19
52 76 16
93 49 7
43 68 19
82 126 6
26 63 8
53 59 9
67 66 17
41 80 14
65 61 14
15 105 1
68 65 19
37 83 18
86 46 19
68 74 17
61 62 5
98 32 2
58 63 19
67 55 17
60 91 4
71 60 17
56 70 13
60 70 8
60 63 19
63 60 13
61 53 13
64 58 11
48 79 8
64 61 19
87 45 5
68 62 15
66 64 6
89 49 15
62 75 8
63 55 7
57 63 6
85 44 11
29 46 3
34 80 18
65 60 8
88 83 1
66 65 13
66 60 6
63 70 16
61 56 8
73 67 16
20 26 2
57 66 15
57 64 14
99 78 19
52 52 15
43 73 16
34 78 18
38 83 18
62 57 18
58 66 17
29 75 5
39 80 15
64 62 8
38 80 10
58 64 16
94 47 16
52 120 6
79 59 6
39 77 15
43 80 6
90 49 19
62 61 5
60 60 8
39 78 15
54 50 5
62 50 12
31 119 2
67 73 12
43 82 8
45 91 12
68 65 17
57 46 18
50 75 10
60 58 15
35 74 17
39 87 14
63 61 17
77 60 8
40 78 14
91 51 9
37 72 18
89 48 19
63 61 18
49 60 8
116 111 7
39 80 17
61 69 8
43 73 19
64 62 15
40 76 17
58 70 18
72 68 6
88 50 18
35 77 19
44 69 5
72 61 8
53 55 8
62 60 8
61 65 5
71 79 17
60 65 15
125 64 7
63 74 18
72 62 16
55 74 14
89 45 9
59 71 6
60 65 9
44 80 16
94 43 11
82 47 11
41 76 10
62 25 7
90 50 16
57 62 12
36 79 11
68 59 5
60 68 12
73 62 7
61 61 16
62 63 13
42 89 7
35 84 5
95 65 5
62 77 17
68 61 17
71 94 5
87 49 16
89 48 16
123 40 2
107 118 8
62 63 15
63 65 9
59 51 4
76 60 8
46 87 10
37 82 14
24 39 5
70 68 12
74 58 9
64 62 16
49 54 10
63 69 6
75 51 5
81 48 17
86 46 6
67 64 18
58 46 7
74 67 7
67 64 13
62 69 19
39 79 8
36 75 17
13 105 3
55 50 14
53 66 12
57 79 7
33 70 16
66 69 6
67 64 18
45 51 14
46 79 6
67 56 8
39 75 7
52 62 12
57 70 8
46 87 12
68 69 13
115 12 3
87 53 10
39 86 14
40 82 19
88 51 12
42 75 6
42 88 10
73 60 19
33 86 5
69 61 5
34 97 8
45 9 3
66 75 12
36 14 6
59 71 15
30 42 8
122 43 1
71 58 9
63 64 16
43 79 9
63 53 17
83 57 16
37 78 16
59 62 8
67 64 12
61 64 7
35 80 9
59 53 5
55 63 11
68 75 5
36 71 7
0 48 4
89 45 7
62 67 17
89 108 5
61 60 15
71 72 9
62 60 16
57 22 2
64 55 15
47 5 4
62 64 10
65 59 17
44 92 15
72 62 5
57 62 15
37 82 19
42 97 19
23 68 4
64 65 7
55 70 10
39 79 11
44 79 6
80 45 12
66 63 7
72 78 12
72 77 18
111 105 8
62 66 17
17 76 6
62 56 17
41 84 8
40 80 14
67 62 8
67 64 17
95 53 16
69 68 5
37 79 10
90 50 5
5 106 2
103 44 5
81 50 11
47 43 8
110 1 7
75 59 17
65 67 15
68 62 19
52 70 15
17 67 3
68 66 17
66 63 18
40 76 10
64 63 7
67 63 6
88 50 9
65 71 18
65 65 10
67 62 17
64 62 13
62 64 15
63 65 10
62 68 9
70 64 7
39 78 16
92 44 12
53 73 16
64 65 15
107 20 5
92 58 16
38 73 5
15 82 7
62 53 19
40 69 10
66 60 11
38 83 16
62 49 11
66 69 16
35 74 10
44 83 19
67 56 16
25 92 3
63 68 5
86 41 6
63 64 15
74 58 8
89 49 8
84 56 19
36 79 5
65 51 9
64 64 19
38 79 11
61 66 14
92 56 11
114 63 3
40 79 19
100 118 6
39 71 9
45 72 6
94 49 6
60 64 1
33 73 19
39 79 19
11 56 4
55 57 11
65 59 9
39 69 19
31 77 9
62 78 9
64 59 9
11 116 2
36 85 5
61 56 13
77 57 13
58 68 9
47 63 7
44 67 6
64 79 7
36 83 19
1 119 4
47 90 5
62 60 19
40 82 16
80 64 15
88 50 7
59 63 17
67 87 13
90 50 16
64 61 9
61 71 5
55 63 14
39 80 14
31 93 1
64 62 14
88 0 7
68 66 11
67 65 10
39 79 9
55 67 5
28 83 7
89 47 16
60 56 18
67 63 6
58 1 8
53 63 13
68 66 6
63 59 14
59 69 15
77 61 5
91 43 12
23 108 1
61 62 5
62 61 8
40 79 7
53 56 11
65 64 9
65 64 9
35 85 8
84 50 13
79 64 15
60 61 14
66 60 6
89 33 2
40 81 10
60 51 17
40 83 11
55 58 15
66 77 7
32 92 11
89 49 15
83 55 8
88 47 7
63 73 8
14 1 4
71 71 9
88 55 14
69 125 3
66 69 14
101 43 10
38 80 16
67 70 18
70 69 13
39 79 5
43 61 13
58 58 2
67 66 18
64 73 18
61 63 13
41 74 12
65 66 5
55 66 15
76 79 7
69 58 8
93 55 9
41 92 16
87 50 9
41 91 17
59 68 12
62 63 16
68 61 8
38 72 18
53 83 11
91 54 18
60 63 5
59 73 17
42 81 12
79 68 18
89 49 11
45 44 10
69 68 13
55 79 5
80 54 3
64 59 9
30 87 10
69 14 4
72 75 6
68 52 9
79 56 19
54 65 12
43 83 5
51 61 11
54 77 4
31 70 8
65 63 13
43 68 9
22 35 2
52 58 14
42 79 8
70 67 7
113 106 4
63 67 17
41 75 15
70 67 14
62 52 11
62 67 12
55 76 15
35 81 18
93 54 18
55 92 18
65 62 8
60 62 6
42 71 5
82 43 14
68 59 7
37 82 6
46 78 7
58 65 19
17 48 2
53 15 3
40 78 9
56 61 10
41 76 16
83 55 13
111 104 6
56 37 1
66 65 17
94 50 18
56 55 7
64 65 8
67 57 19
120 30 8
65 63 14
95 44 13
69 62 15
52 53 18
89 49 18
46 74 12
78 63 15
69 60 14
71 66 7
40 80 11
0 30 5
104 57 1
42 83 17
63 45 10
67 75 11
33 79 18
80 58 8
69 64 7
92 45 19
62 65 12
59 65 17
70 47 15
39 79 5
89 41 9
93 54 12
56 52 13
79 64 6
77 72 8
89 45 19
63 59 17
71 76 17
57 75 6
59 65 8
55 67 16
30 75 13
120 107 2
66 58 15
69 63 7
86 50 8
57 63 14
36 79 7
69 59 13
50 12 6
58 58 19
73 54 13
34 71 19
78 47 14
72 55 18
77 46 1
87 54 8
82 46 18
60 71 13
52 63 10
42 83 11
66 63 18
68 64 9
50 45 17
66 62 6
65 65 16
76 53 14
60 51 9
47 80 17
12 10 2
61 63 12
93 2 7
77 55 8
73 62 5
34 80 19
47 73 1
85 5 5
34 79 15
63 60 9
65 63 16
61 62 19
67 52 11
62 63 16
57 65 19
39 80 12
89 54 15
70 56 17
56 73 13
87 51 11
46 86 11
58 51 7
38 75 18
62 59 9
64 78 9
46 76 11
43 87 11
82 78 18
62 61 9
82 56 8
40 79 18
107 97 1
53 55 8
59 108 8
70 63 18
63 56 6
53 78 9
55 52 13
85 53 14
68 55 11
67 57 14
65 69 17
63 59 16
37 83 19
63 50 15
43 84 6
64 3 7
59 66 12
67 61 19
32 78 17
66 45 18
68 60 12
127 79 4
56 63 10
88 48 5
72 63 5
39 83 9
116 15 4
60 68 7
85 46 6
63 63 8
88 45 17
65 65 11
66 65 19
64 65 7
39 79 6
78 63 14
66 71 10
64 67 17
66 68 9
90 49 14
68 66 15
49 96 5
89 49 5
53 80 11
87 52 18
65 60 9
66 72 19
60 62 12
39 90 8
77 66 14
66 63 13
93 50 8
40 73 10
85 57 13
64 65 12
67 60 16
68 62 6
65 55 5
70 69 8
62 65 10
63 64 18
63 65 18
57 60 15
77 57 15
10 123 8
14 106 5
57 111 1
86 46 18
51 64 11
66 80 8
63 74 6
66 75 16
62 77 18
88 49 17
35 81 7
72 54 12
98 49 11
63 63 18
67 56 11
42 78 12
61 69 13
75 80 19
63 63 5
60 63 11
37 83 9
38 79 11
39 93 5
39 80 12
18 13 1
93 10 6
73 54 7
76 72 6
79 53 8
66 62 14
75 63 9
64 64 17
40 79 12
52 61 13
38 80 13
45 74 9
59 67 19
64 67 11
64 73 14
65 58 11
45 77 6
64 62 9
64 61 8
63 62 15
59 77 15
55 62 19
65 73 15
61 68 9
65 68 19
60 58 9
65 61 19
63 63 6
65 76 18
64 68 9
77 51 8
61 62 10
63 63 16
69 67 9
53 68 18
55 80 19
57 46 9
68 69 8
64 66 16
40 71 15
106 4 2
66 78 16
66 84 10
37 80 10
63 64 8
65 63 9
101 48 13
55 62 6
66 63 19
82 47 9
85 62 9
65 56 19
71 59 8
66 51 12
101 43 4
38 79 13
71 76 9
73 59 8
63 64 16
84 63 9
50 64 9
78 61 6
78 71 11
45 72 5
34 79 16
54 58 14
35 77 19
91 50 7
119 112 6
81 126 4
46 78 15
55 85 6
74 66 7
67 61 9
58 59 8
40 80 12
43 83 16
62 62 19
70 76 10
76 48 6
35 82 16
40 85 6
63 63 7
8 103 5
82 57 16
70 57 6
89 49 8
53 70 12
62 55 15
92 51 12
62 87 6
64 64 5
63 61 10
66 64 12
70 56 18
70 72 5
40 81 15
62 64 14
73 65 11
64 64 14
58 71 8
69 60 8
88 47 12
85 49 6
54 74 18
66 63 7
58 59 16
37 79 9
55 65 5
82 44 15
9 79 2
39 79 18
54 64 14
63 63 18
58 62 18
71 75 12
42 82 11
123 93 1
91 49 18
20 116 2
39 79 16
95 52 9
66 61 12
38 87 15
85 60 18
35 71 19
65 61 12
61 64 10
42 80 5
37 76 12
69 70 14
91 28 4
61 67 6
63 63 6
54 82 8
61 62 6
95 49 14
56 64 8
72 63 12
57 55 5
67 67 14
43 85 14
67 56 9
54 58 14
63 67 8
94 47 16
64 66 15
41 60 10
35 71 19
58 61 15
65 63 5
58 75 7
65 64 6
51 67 11
65 63 12
7 24 1
4 7 7
60 53 15
61 61 13
61 62 15
93 48 18
69 28 7
51 59 19
38 82 16
31 71 1
44 84 18
42 73 12
85 56 17
82 46 17
59 73 15
33 69 8
42 81 15
40 81 19
88 51 14
70 55 6
108 11 2
40 80 19
50 67 19
39 80 19
84 64 15
42 91 19
91 48 19
40 79 8
70 46 11
90 58 6
65 62 18
89 52 5
43 79 19
90 50 9
61 58 19
89 50 15
90 46 7
69 62 12
64 85 13
48 65 13
20 6 3
91 47 18
86 49 9
91 46 19
84 43 8
85 49 9
69 81 10
84 51 6
90 53 10
60 48 10
66 51 6
77 53 14
61 70 18
40 75 8
42 82 19
57 55 12
38 82 5
70 64 15
89 49 13
80 5 8
81 81 13
76 64 12
83 48 19
64 74 13
40 79 19
74 61 15
61 65 7
43 77 19
93 45 18
115 85 5
92 53 17
82 51 18
39 94 8
60 66 11
82 51 19
76 67 11
50 69 16
43 73 7
38 84 18
64 63 8
35 78 19
44 79 12
67 70 11
58 64 13
69 72 17
86 47 11
84 48 9
29 84 5
34 82 7
65 64 17
89 39 19
62 58 17
63 64 6
93 53 13
41 76 14
90 49 17
58 70 12
86 55 5
58 67 12
96 46 6
41 79 18
66 54 15
65 72 10
60 67 5
88 47 5
89 48 9
64 66 12
81 57 13
64 64 13
70 45 6
72 52 12
50 43 7
55 68 9
90 36 14
66 64 8
59 63 18
69 68 16
55 66 15
71 62 5
90 48 18
66 23 7
66 61 14
66 61 18
52 68 12
60 62 16
88 44 15
85 51 19
66 57 6
70 50 17
72 51 5
43 81 18
32 93 6
33 80 8
54 66 11
39 73 12
97 119 8
86 47 14
63 63 7
77 63 13
94 45 13
54 53 14
7 36 7
49 88 8
86 44 6
121 12 6
37 80 17
63 74 15
60 68 12
66 76 14
63 65 7
57 73 9
45 80 10
119 94 5
54 53 6
36 76 7
57 73 10
92 8 5
40 83 16
89 50 13
92 41 14
97 44 14
47 71 9
39 74 9
40 80 12
48 77 19
56 72 10
90 52 13
109 21 1
52 63 5
86 40 17
70 61 14
42 74 8
89 49 15
44 58 17
30 84 19
62 72 10
43 79 10
106 39 3
66 72 5
2 95 1
59 52 14
63 62 11
85 52 7
64 75 19
62 52 9
46 75 5
67 61 10
63 65 17
66 70 15
59 66 7
36 85 9
68 58 9
33 79 18
42 64 15
68 55 6
54 60 6
41 83 15
69 68 18
54 55 15
87 53 18
96 61 3
89 44 7
35 80 6
18 107 2
59 76 15
64 74 9
40 80 19
32 125 3
64 59 15
112 127 7
72 56 8
89 49 15
65 62 16
70 61 18
91 46 12
89 57 19
60 55 13
33 49 2
68 62 16
61 67 16
63 63 6
55 48 6
66 59 12
36 67 1
68 72 16
63 55 12
78 55 5
89 50 5
65 62 12
61 52 3
92 52 14
66 95 5
95 104 7
52 91 17
40 79 5
64 63 18
65 65 7
105 34 1
67 71 8
80 53 5
64 64 19
65 56 13
64 64 6
89 51 11
55 63 11
31 78 6
45 50 10
40 79 18
41 80 12
66 64 13
51 53 18
86 54 12
88 48 6
38 19 2
66 68 5
63 63 7
64 63 9
65 66 11
62 63 13
90 48 18
49 69 10
64 63 6
90 49 14
92 51 14
91 46 10
58 59 13
65 64 11
43 79 9
65 63 9
77 62 18
88 55 12
115 73 1
103 42 6
66 49 19
37 74 13
65 69 5
65 63 15
99 48 19
91 50 6
36 75 12
31 75 15
71 67 19
48 83 19
41 95 11
39 79 16
62 57 11
90 50 9
46 93 9
36 88 7
58 53 18
65 79 12
88 50 9
91 61 7
105 4 7
44 82 7
56 52 7
70 50 5
73 55 16
52 51 7
72 72 10
40 76 15
34 80 6
57 78 15
46 72 8
56 38 8
62 71 18
63 64 5
72 47 6
92 42 7
89 48 19
63 63 19
57 49 13
37 74 8
65 64 13
56 86 17
37 83 19
64 64 6
68 60 11
39 31 6
67 60 15
65 61 13
43 78 7
93 52 12
49 72 18
38 81 15
22 84 6
76 69 19
52 77 18
37 84 12
33 87 18
65 61 11
57 61 9
38 59 15
77 33 2
51 80 10
63 63 7
102 39 7
92 53 8
61 66 18
90 50 17
87 43 7
79 121 7
72 53 15
73 62 16
38 88 6
73 84 5
40 72 19
66 74 5
91 50 11
41 82 5
86 70 10
59 77 6
88 50 8
64 63 7
37 86 17
41 69 19
66 63 9
40 83 14
68 50 18
64 59 13
62 66 12
74 39 12
57 68 9
60 51 5
40 80 11
40 79 11
32 88 6
85 60 5
64 63 5
69 60 9
39 79 16
79 125 3
82 82 14
40 73 5
56 67 9
42 91 17
56 69 12
38 88 9
48 85 17
67 56 5
39 80 5
66 66 8
39 79 18
36 51 7
57 64 7
66 53 14
60 65 13
35 79 9
71 60 7
63 63 8
62 61 11
61 66 14
121 74 1
72 47 12
90 50 11
38 79 11
51 77 12
39 76 18
63 60 14
47 83 16
66 85 7
37 82 18
62 57 6
67 65 9
40 71 9
40 87 13
88 51 12
31 78 5
82 49 18
39 81 11
36 84 19
76 68 17
64 54 11
89 50 9
80 57 12
51 62 15
35 81 6
25 95 4
89 49 15
40 79 6
60 63 10
72 66 13
80 111 7
48 74 9
67 66 15
63 62 12
42 82 5
57 68 17
63 62 16
38 90 14
41 73 19
69 65 8
69 61 16
56 64 9
35 77 17
48 69 13
86 53 13
65 63 18
65 61 14
63 63 14
100 19 4
47 35 5
40 84 16
59 57 16
63 53 13
44 79 7
62 56 19
62 63 17
38 94 11
14 36 5
63 57 16
67 76 17
61 71 14
89 50 7
66 52 15
62 63 10
89 51 16
69 64 6
35 86 5
39 79 7
89 47 12
47 83 10
95 45 9
90 41 10
36 77 19
44 85 17
57 71 9
89 50 13
61 63 16
75 77 14
56 82 19
69 66 5
36 81 17
76 51 13
101 79 4
25 74 15
59 68 6
63 64 15
120 125 2
75 74 17
88 52 13
95 48 11
61 84 16
59 66 11
62 61 5
62 65 8
69 70 5
74 57 14
60 66 11
66 67 16
90 48 5
65 66 5
71 56 10
63 63 7
67 63 9
38 77 13
57 64 19
57 62 16
62 53 19
55 49 10
63 63 9
65 67 6
74 60 2
69 69 14
70 72 11
65 60 12
32 83 13
78 66 11
37 84 18
49 72 15
52 70 5
61 62 10
90 49 16
63 52 11
83 58 8
65 66 10
81 52 19
91 49 18
87 46 14
38 77 16
107 95 5
59 57 9
39 79 13
70 48 9
36 83 6
88 57 18
48 14 5
92 51 12
90 111 1
90 49 17
59 63 8
32 88 7
39 79 19
58 72 11
35 86 5
72 62 18
90 49 19
43 48 12
62 78 8
67 55 19
41 80 7
86 47 18
40 10 2
86 55 6
26 77 14
55 68 8
42 72 19
40 80 10
26 90 6
71 59 13
92 49 15
61 57 5
62 63 10
60 68 19
65 61 9
52 88 4
65 62 14
63 65 15
40 79 12
62 67 16
67 61 18
72 57 5
40 80 5
36 74 8
93 50 6
70 53 8
61 61 5
60 70 15
62 60 6
88 50 8
91 54 17
67 68 14
34 76 11
67 70 7
60 75 18
67 51 10
59 49 18
42 76 5
90 49 10
71 60 5
66 64 6
70 66 9
61 72 7
82 102 8
2 57 7
59 64 7
36 76 17
66 69 10
92 41 5
61 53 9
63 63 11
39 81 13
68 62 10
93 51 13
62 55 5
73 76 6
68 78 6
65 63 6
55 79 15
65 64 18
79 75 9
40 80 18
41 77 13
62 64 10
82 53 9
66 59 16
40 77 14
55 61 5
52 74 8
19 118 4
91 49 15
63 63 5
44 86 13
109 47 18
68 69 7
59 68 5
62 77 16
59 64 17
71 63 5
63 57 6
75 63 13
77 59 12
40 77 10
70 65 5
28 85 6
94 45 10
40 80 11
59 59 17
87 50 7
63 62 11
69 71 9
74 60 12
66 62 15
81 51 8
84 48 6
65 62 7
38 81 17
75 68 15
27 79 19
64 63 9
53 9 5
66 72 10
50 61 6
32 78 16
65 74 13
32 80 13
68 59 15
59 49 15
66 61 13
72 70 10
49 87 11
63 63 15
84 44 8
64 69 9
42 77 10
88 43 14
84 46 7
59 66 5
39 82 15
48 73 10
69 85 18
67 88 7
85 91 8
62 57 15
62 64 19
70 85 6
37 79 5
40 81 13
62 62 13
49 56 8
95 41 7
7 47 2
65 68 17
89 53 13
46 84 5
40 79 12
63 72 11
52 75 12
61 65 19
62 57 11
60 65 9
36 86 8
67 58 12
64 64 11
39 86 12
86 47 5
49 74 15
92 47 11
47 82 6
100 97 8
43 81 14
35 81 13
116 91 2
70 65 7
69 65 10
86 6 5
68 57 16
31 91 2
59 67 19
63 63 13
39 70 8
34 77 7
38 82 17
40 83 8
60 59 9
91 50 9
65 61 15
64 54 15
98 42 7
38 87 5
71 80 19
90 54 14
63 63 5
72 75 17
97 46 12
61 68 12
67 96 2
122 67 8
79 42 7
38 91 15
63 64 6
61 53 19
70 45 14
63 63 10
62 68 9
66 73 16
65 63 9
70 68 8
36 78 15
76 49 14
39 79 7
62 70 5
65 78 13
51 60 17
38 77 14
65 60 13
71 51 6
61 65 12
62 58 11
37 76 13
39 42 6
21 120 5
63 62 6
65 65 19
19 20 3
69 74 18
37 89 19
70 58 8
65 68 16
72 68 5
39 77 17
95 42 11
53 72 7
93 54 12
67 67 11
117 120 8
43 64 18
43 22 6
59 45 7
90 49 7
57 68 19
64 71 17
39 79 18
35 39 3
64 62 18
62 72 11
49 59 17
59 73 7
83 47 19
84 48 12
63 66 18
64 61 5
35 40 8
88 49 16
97 76 5
69 66 10
34 80 6
73 66 6
59 65 6
79 83 11
39 79 18
67 65 10
37 90 6
58 66 6
41 82 17
36 88 17
70 66 6
63 65 18
41 71 7
66 55 7
62 65 9
61 66 11
46 77 12
65 64 14
25 48 7
122 53 8
37 79 8
89 48 13
52 58 7
63 64 14
68 67 11
58 68 19
60 65 6
70 70 9
67 58 8
64 57 7
88 50 6
59 59 13
37 82 10
102 79 1
59 55 18
39 80 6
64 64 7
62 68 13
26 27 1
8 64 8
59 65 18
61 68 17
90 50 19
70 56 15
64 63 11
50 77 16
91 47 10
42 60 15
63 70 10
62 63 6
79 108 4
60 44 11
18 52 3
65 62 14
92 45 14
65 64 11
89 49 12
57 54 7
102 55 19
66 61 15
74 65 8
68 61 7
117 40 6
93 42 10
66 65 17
64 63 10
64 65 6
63 64 12
63 65 15
59 68 8
16 17 6
64 68 6
65 71 9
39 74 10
85 44 15
72 61 14
38 70 8
31 84 16
91 53 18
41 59 18
35 83 9
85 10 5
80 54 7
63 63 12
58 66 14
55 62 19
89 50 16
48 60 16
60 59 6
62 68 19
67 62 15
57 74 13
77 80 12
39 82 7
64 66 5
44 48 11
67 60 19
74 61 18
41 79 8
68 67 18
91 51 17
14 7 2
69 62 6
87 94 1
48 68 10
76 72 7
71 76 5
37 84 18
84 67 18
72 64 15
63 61 8
55 65 16
67 62 18
99 51 13
89 51 12
31 96 18
40 79 6
41 87 19
67 65 19
65 69 12
92 50 5
105 0 4
91 53 16
37 75 17
62 61 13
64 62 8
27 48 3
87 50 12
43 90 19
63 63 8
37 93 18
63 56 6
35 87 17
25 30 1
65 65 18
58 77 9
95 49 6
46 51 12
55 77 16
63 64 19
42 77 11
63 66 11
90 55 15
38 83 19
87 48 18
58 55 17
68 58 18
125 81 6
59 52 11
64 63 5
89 47 12
68 66 11
84 52 18
59 71 6
70 67 10
78 60 16
39 84 7
91 47 6
47 81 6
56 62 19
75 71 9
58 62 17
82 64 10
38 80 6
47 76 19
89 52 17
89 57 7
59 71 15
28 78 16
63 61 15
63 61 13
35 120 3
91 55 6
87 4 2
67 61 11
63 68 6
45 37 8
41 75 7
64 64 17
83 52 11
62 57 8
64 47 7
40 80 15
115 18 2
60 71 7
100 45 16
106 110 4
61 57 11
40 77 7
56 64 17
70 62 8
35 79 11
67 73 10
88 53 8
26 75 19
69 61 13
57 53 16
18 31 1
89 51 17
68 66 9
66 69 14
64 68 16
64 55 19
40 79 13
63 62 10
64 68 11
50 94 15
46 80 18
89 54 16
89 49 8
59 70 13
70 62 19
60 64 7
43 71 17
52 57 14
86 52 15
70 68 14
63 64 6
60 61 6
63 73 8
72 45 14
60 57 10
86 52 11
41 84 11
60 69 17
44 90 11
92 45 19
64 63 14
91 49 17
57 56 18
59 64 7
30 73 8
41 83 10
35 75 15
65 68 11
91 56 8
71 67 11
69 56 15
64 63 13
87 58 10
62 62 18
51 75 12
63 74 17
46 73 5
64 47 9
40 76 10
38 82 16
59 57 7
85 90 8
94 37 16
42 83 13
56 13 6
64 64 16
43 47 16
63 62 18
64 63 17
41 83 6
63 58 13
90 49 10
39 80 12
31 75 15
36 79 5
78 64 6
53 70 10
66 67 13
61 47 16
92 57 4
49 40 7
62 72 6
91 49 12
40 67 18
61 62 14
8 121 6
42 75 18
38 74 11
24 95 9
42 92 8
89 49 7
37 85 14
64 63 11
65 63 5
89 49 14
63 63 13
65 53 6
63 63 5
37 79 6
33 81 18
90 47 5
57 62 11
48 80 17
52 62 15
55 75 6
40 81 9
71 65 18
59 69 18
78 7 2
64 64 7
103 48 6
61 50 10
57 58 17
64 63 17
58 59 14
89 49 11
93 49 16
51 60 15
74 59 16
66 57 8
84 51 16
38 70 6
68 72 13
63 62 16
65 64 5
33 80 9
88 50 8
117 123 2
53 64 19
96 90 6
96 87 6
40 79 16
64 65 18
45 117 3
83 80 11
40 83 15
69 62 16
62 60 14
91 56 12
56 42 4
55 63 13
92 52 18
65 55 17
90 49 8
49 71 8
64 68 16
52 67 8
107 70 5
41 77 16
61 65 13
53 63 9
63 65 8
40 80 9
38 79 6
55 71 17
93 50 7
59 71 7
63 65 11
61 65 7
38 80 19
53 66 14
53 78 8
37 84 19
39 79 10
96 47 15
59 126 7
64 63 19
63 62 10
63 66 10
58 63 11
45 81 8
87 50 19
26 49 3
95 61 16
67 63 10
66 60 11
43 76 12
36 78 18
46 76 15
34 86 10
74 54 10
42 75 10
69 62 7
49 66 17
40 79 19
73 49 8
70 64 14
62 52 17
93 45 19
47 73 11
70 58 17
54 59 6
67 9 6
90 48 14
63 68 11
90 54 9
66 56 17
70 63 8
4 37 4
55 66 7
58 52 19
56 62 14
69 53 13
91 55 13
63 74 8
68 70 17
72 56 13
38 81 7
62 59 19
63 63 10
64 64 12
70 51 5
61 65 17
40 68 6
37 83 13
59 5 8
62 60 15
59 82 5
39 79 11
52 71 18
66 70 17
45 79 6
94 49 17
43 77 6
94 45 11
68 56 11
59 76 18
18 82 17
42 88 19
90 50 14
34 81 15
60 67 8
39 81 14
42 74 9
48 100 5
54 62 19
68 83 5
88 54 5
78 62 16
90 49 12
42 86 9
67 69 9
58 80 18
27 81 11
41 76 12
40 77 19
69 62 10
48 64 10
93 52 15
73 98 2
89 49 14
43 80 5
90 50 5
63 60 17
65 65 6
76 55 13
62 65 15
40 77 18
40 79 11
47 80 16
31 81 16
42 87 19
38 76 12
23 97 2
35 73 13
99 47 12
25 1 8
91 58 6
37 58 5
70 67 11
48 68 14
52 60 15
102 85 5
64 69 19
65 85 6
41 78 14
87 54 8
84 50 9
60 47 9
56 69 10
89 49 13
61 63 8
67 51 9
51 56 13
41 80 18
88 47 11
70 56 7
41 82 16
68 61 12
69 69 10
0 26 8
61 70 17
59 58 16
42 77 10
59 43 10
60 64 13
64 64 8
69 59 11
54 84 5
74 64 11
40 82 10
65 72 8
54 78 5
60 55 9
39 80 11
124 80 8
67 56 10
79 74 16
40 80 5
71 55 13
15 13 3
78 61 16
69 56 15
68 69 5
91 49 8
59 62 17
58 52 12
90 44 11
77 65 2
6 76 8
56 52 17
68 66 7
66 47 10
64 66 6
68 73 9
89 55 18
64 69 12
63 42 10
70 73 9
88 50 8
65 64 16
51 71 6
65 70 8
108 39 8
63 64 10
17 14 3
59 51 10
15 11 7
87 49 8
61 76 19
61 60 17
64 63 15
54 73 16
30 79 13
64 63 10
75 30 5
64 66 14
58 65 7
67 59 19
45 91 7
13 12 4
91 48 10
17 71 2
65 68 6
64 64 15
32 110 4
45 78 15
61 82 19
77 74 12
66 59 15
45 85 12
68 65 12
43 30 4
90 58 7
32 83 1
39 84 19
63 56 14
42 84 10
70 65 11
42 83 5
49 49 5
45 91 15
47 89 6
46 83 13
46 78 19
68 57 11
66 68 9
65 64 15
57 49 7
40 79 5
70 48 7
44 78 17
67 68 18
64 68 9
61 62 15
89 38 13
61 64 7
71 61 17
74 63 19
40 79 5
64 58 14
60 62 13
41 90 19
40 74 13
42 97 4
55 57 8
66 60 11
63 84 13
65 65 9
39 79 5
41 80 15
63 64 10
104 24 2
39 81 15
59 64 16
37 77 10
67 57 7
63 64 8
9 19 8
80 53 13
74 66 17
85 57 7
55 53 19
59 70 19
91 46 7
80 61 16
66 67 15
49 68 14
63 63 9
64 53 18
5 14 6
57 61 18
86 46 6
62 82 10
36 77 6
64 68 6
42 82 9
80 79 12
62 63 16
41 80 6
85 47 15
41 88 19
63 64 5
59 66 12
84 52 12
65 60 17
49 69 15
62 61 18
69 56 6
41 82 18
63 58 15
63 61 12
89 56 10
70 63 12
40 73 12
34 83 15
34 70 18
95 52 16
64 63 6
36 81 6
66 67 19
60 60 13
64 63 8
85 49 17
39 80 15
68 74 5
62 62 5
34 81 8
37 93 15
37 80 5
92 50 14
45 70 14
45 85 19
38 82 9
67 73 6
39 80 15
61 65 9
64 55 14
65 66 17
13 106 5
69 84 13
46 87 12
70 66 13
64 62 18
72 54 12
72 58 17
58 54 10
83 45 18
123 18 7
68 59 13
90 49 18
91 43 19
4 88 1
59 66 16
55 61 7
85 45 13
87 51 9
66 68 18
62 61 9
36 76 13
59 66 5
88 50 11
65 61 19
73 64 10
67 56 5
39 81 13
63 64 19
28 88 5
44 75 12
90 24 6
41 72 12
71 64 11
84 70 3
40 78 16
13 86 3
66 66 9
104 27 8
63 63 14
58 73 14
89 49 15
64 63 17
55 71 10
64 63 10
63 64 18
34 92 5
39 87 8
63 62 6
89 50 11
51 57 12
68 59 13
34 98 7
66 64 18
38 84 14
89 49 11
87 55 12
68 64 16
40 76 5
61 65 5
46 60 8
46 71 17
64 51 6
33 80 13
80 56 9
63 60 6
58 62 5
10 26 8
74 71 11
28 86 17
64 62 18
60 61 19
64 58 6
67 58 17
69 67 7
62 64 11
73 61 11
64 65 15
63 62 13
64 65 16
39 80 13
67 61 13
62 55 13
87 43 17
69 54 6
39 79 18
86 38 11
53 67 17
89 48 14
39 71 18
48 95 5
100 57 6
33 87 8
58 67 12
59 60 1
43 74 18
89 51 10
90 48 11
48 68 9
90 50 10
63 53 10
62 59 19
39 79 6
62 59 6
34 92 10
90 48 17
113 51 6
31 19 3
84 49 11
57 77 6
63 84 19
89 50 8
43 83 12
97 55 12
64 64 10
16 110 4
20 118 2
89 49 11
35 85 8
40 89 12
71 62 11
41 73 8
65 47 9
46 56 13
59 58 10
90 50 6
38 80 8
58 60 9
43 75 6
87 95 4
64 64 19
13 75 8
65 65 14
63 45 19
77 61 10
55 55 12
61 74 6
34 78 5
53 62 6
64 63 12
40 80 9
38 80 18
57 62 13
66 37 2
45 75 16
90 46 14
93 47 5
69 64 16
72 70 14
69 54 5
64 59 12
25 80 9
71 96 5
65 73 19
79 68 7
40 74 11
70 57 18
35 60 8
87 50 10
62 65 8
94 41 6
92 50 14
39 82 12
57 63 12
39 77 14
50 57 9
90 49 17
71 65 17
25 73 17
59 65 12
37 39 6
60 64 11
67 49 16
92 55 9
57 75 10
94 52 9
40 80 15
64 65 6
59 53 16
61 74 15
91 50 7
62 66 10
39 83 9
70 69 15
43 78 15
89 45 16
33 73 14
41 69 19
42 79 14
47 82 13
39 85 17
69 59 8
36 75 8
35 83 6
66 64 18
81 48 12
69 64 17
91 55 17
44 79 13
73 58 18
42 80 7
59 61 9
53 67 5
39 80 10
63 62 18
112 19 6
75 63 15
64 56 12
63 64 12
91 51 5
37 85 18
88 49 17
63 77 10
62 62 10
40 79 17
64 64 10
127 111 7
49 58 16
21 78 14
109 111 2
66 70 9
49 68 19
54 60 3
65 69 8
75 54 8
85 58 6
58 65 17
54 66 14
61 62 14
56 126 7
63 62 15
72 66 6
40 79 15
35 79 5
56 64 10
69 52 18
76 49 6
61 70 7
22 112 7
64 68 18
58 66 8
4 72 8
63 62 16
66 64 5
57 71 14
63 64 19
39 91 7
67 73 15
65 76 10
64 69 9
68 65 18
50 57 12
35 85 17
113 31 6
59 58 17
57 71 8
97 117 7
60 64 19
69 65 15
40 70 19
63 63 17
50 53 9
70 74 8
63 64 5
38 73 10
62 72 15
41 79 18
69 55 6
64 70 14
89 49 17
53 76 12
66 73 10
82 68 7
49 65 12
39 79 11
40 78 13
95 44 12
88 42 14
52 38 4
50 73 9
60 68 15
57 61 16
34 87 18
35 75 11
61 64 7
35 90 12
39 79 8
61 66 17
63 65 12
78 70 17
36 80 10
60 63 13
39 74 17
62 68 13
65 61 14
48 58 19
75 69 6
38 75 6
66 64 9
43 80 16
73 54 15
32 78 15
91 49 5
47 80 15
42 79 18
74 64 13
48 53 9
60 57 11
90 50 10
41 69 10
56 61 18
29 73 17
95 41 5
64 46 16
66 89 14
78 61 12
67 60 5
94 49 19
82 67 12
81 56 1
64 59 5
54 67 13
86 109 3
85 54 10
68 82 14
68 68 8
47 86 6
77 70 8
40 79 5
90 50 16
37 77 7
90 50 18
64 62 13
38 79 5
67 65 12
69 52 17
71 57 6
66 53 10
50 84 11
37 79 7
72 67 6
71 64 7
41 75 16
63 78 7
61 52 7
85 24 7
70 58 17
39 74 13
31 69 1
58 78 14
66 57 5
90 49 6
23 89 5
44 72 7
67 63 16
68 65 6
41 78 18
60 77 16
57 63 12
58 68 7
37 86 17
60 103 6
52 58 5
65 63 17
63 72 15
85 47 17
93 50 12
46 61 11
35 80 10
74 102 8
39 82 19
73 69 8
85 46 18
39 85 18
99 88 1
89 49 18
40 79 6
39 80 15
66 49 9
67 62 18
61 66 11
14 38 8
46 80 11
54 53 9
41 64 3
107 51 5
40 85 15
59 64 16
66 65 14
57 54 6
62 80 10
66 73 6
93 47 6
65 65 5
90 47 7
66 62 8
89 37 15
58 74 19
74 57 13
80 79 14
64 64 11
61 70 14
63 65 12
57 61 12
61 56 11
62 65 16
63 64 13
65 68 19
55 67 9
62 57 16
70 61 7
41 80 18
58 69 18
42 64 9
40 80 5
66 57 11
59 62 14
38 92 15
91 53 9
73 64 7
53 54 10
124 73 1
63 64 10
39 73 16
32 68 7
94 50 9
64 64 15
67 63 12
49 80 13
62 75 10
64 62 12
63 59 8
64 120 1
69 63 9
63 52 15
63 66 18
61 57 14
26 74 5
61 60 10
66 66 5
62 64 15
55 55 12
67 67 17
83 54 17
51 62 15
63 64 5
38 75 15
66 58 8
68 67 9
53 78 7
43 88 10
92 52 7
59 86 19
35 77 16
74 72 18
72 57 7
67 58 3
76 68 7
73 62 5
65 75 14
75 64 1
82 37 8
60 58 17
103 52 12
49 94 5
90 49 9
56 68 11
65 63 10
76 67 11
35 77 16
90 31 4
67 65 12
64 66 16
74 61 5
45 70 6
82 51 7
68 69 7
46 64 1
50 80 7
63 64 14
63 63 8
101 85 3
63 69 6
75 66 15
51 49 10
69 50 5
39 74 17
78 50 12
25 87 9
90 49 13
58 57 6
37 83 9
68 58 10
54 59 3
64 65 12
40 79 12
89 50 12
86 49 5
60 55 17
36 81 5
46 11 2
41 82 9
62 47 16
87 50 19
69 63 13
84 50 5
18 90 11
87 48 16
60 69 7
115 113 4
63 64 12
69 48 17
52 71 8
46 82 7
40 77 10
69 63 13
63 63 17
42 84 7
67 58 9
42 76 11
61 62 15
113 127 5
87 51 10
63 68 7
77 122 5
79 66 17
65 64 16
87 72 7
58 84 8
61 57 17
56 70 14
76 74 17
68 60 15
64 62 9
68 77 5
64 64 5
93 46 19
39 84 15
74 59 6
54 73 15
43 71 17
51 74 12
61 63 11
85 44 7
63 64 5
38 79 19
70 77 16
92 51 16
61 63 10
62 67 18
88 63 7
53 77 6
58 65 12
66 102 7
94 57 1
45 35 5
89 50 6
9 43 7
51 85 16
41 79 7
39 79 19
68 64 14
90 49 8
39 80 7
85 46 16
48 79 7
44 86 12
64 58 19
46 60 16
38 85 15
36 79 5
20 65 11
60 62 16
66 74 6
62 61 17
65 62 9
83 54 5
67 72 14
89 55 5
63 65 6
44 81 14
49 64 11
67 79 8
65 63 5
92 53 6
64 64 12
62 58 13
61 66 18
77 48 13
50 72 12
64 64 10
41 76 17
92 52 19
47 80 13
48 87 2
34 45 6
31 89 15
24 73 6
74 66 14
33 87 19
52 77 10
61 66 16
54 65 8
35 81 9
41 79 16
60 64 9
61 82 7
72 73 10
59 52 18
60 66 13
40 80 10
82 42 1
76 68 3
78 69 17
63 61 13
63 64 16
75 73 14
54 60 9
65 40 15
27 84 19
66 55 14
52 64 10
80 121 5
88 49 8
68 59 5
47 77 5
96 46 15
49 65 19
63 51 7
60 64 6
70 70 7
50 82 14
89 51 6
59 65 10
36 1 4
75 52 18
64 63 14
37 75 14
71 73 6
70 68 18
73 51 6
66 65 6
63 58 9
61 67 5
64 62 14
59 59 16
57 59 16
67 52 7
46 84 15
38 74 11
61 63 5
36 50 4
41 79 9
24 88 12
74 46 11
40 80 18
67 64 15
96 56 14
86 37 11
37 80 5
64 61 13
64 66 6
21 109 4
39 84 6
85 51 11
38 59 15
59 57 10
41 74 13
67 57 10
13 101 7
66 72 19
64 57 11
64 64 17
60 67 8
93 50 18
45 84 6
87 42 14
65 77 18
65 51 8
88 52 11
58 66 6
101 47 6
68 57 15
64 60 7
55 63 14
61 48 5
65 70 18
62 63 15
94 50 15
57 67 11
38 76 8
87 51 19
78 64 19
63 60 11
72 54 13
72 52 11
66 55 8
57 62 12
72 69 5
22 83 12
50 53 11
57 68 11
75 59 13
41 82 6
90 52 5
67 67 11
65 51 19
65 75 9
89 51 5
69 71 5
70 59 7
30 57 5
71 58 18
124 32 8
37 83 7
89 49 12
54 66 18
60 64 6
65 64 5
63 61 7
58 65 9
64 72 19
68 69 11
63 64 5
54 76 16
36 89 18
42 87 7
65 66 18
67 73 6
57 65 9
54 62 10
43 89 5
40 79 11
70 61 17
36 74 10
69 65 10
63 69 8
69 70 12
55 58 10
34 75 6
71 70 16
63 66 18
63 56 6
61 67 14
61 62 6
62 64 18
52 61 5
62 66 19
88 49 6
74 78 6
45 72 7
70 70 7
55 65 14
39 90 18
45 85 14
69 64 7
40 80 15
99 40 7
75 55 7
84 69 7
58 58 12
64 56 13
62 64 16
91 50 14
40 79 15
60 55 9
73 62 8
39 80 15
44 80 10
61 63 9
40 79 11
57 62 19
75 59 9
54 76 10
72 53 11
66 56 10
63 63 9
63 64 17
61 75 6
65 63 6
66 55 9
53 65 10
97 67 3
69 61 9
35 74 16
30 73 17
93 46 18
65 67 11
55 62 14
92 51 9
29 82 9
60 74 11
11 112 2
61 50 5
64 62 5
59 71 6
34 79 9
30 69 13
34 76 16
67 58 7
9 28 5
41 74 11
41 78 12
88 54 17
41 79 17
95 50 14
30 84 5
55 61 6
67 62 8
90 52 17
62 55 7
118 66 2
42 78 6
48 72 6
33 69 15
44 103 4
69 35 7
64 64 15
28 69 10
73 89 5
92 85 4
38 80 7
70 65 14
39 75 5
72 55 11
64 56 16
65 64 19
61 57 18
69 64 5
58 68 14
60 76 16
65 73 10
68 60 14
28 92 9
91 37 1
71 62 14
59 57 10
121 7 1
56 55 13
71 58 12
66 67 17
39 79 10
45 89 18
81 59 7
40 78 14
67 57 10
60 62 9
62 65 14
63 65 15
26 47 3
97 52 15
104 48 4
43 72 13
69 64 18
63 60 16
29 105 6
90 50 14
76 61 12
61 62 14
52 81 17
13 45 2
61 73 15
67 67 9
43 83 9
40 80 11
41 80 14
72 60 5
62 62 7
85 52 11
61 75 6
90 51 11
72 63 14
63 64 16
83 49 8
38 69 15
32 92 6
64 57 10
58 60 5
62 65 6
69 50 18
65 68 11
89 48 11
59 57 12
117 4 3
88 53 6
73 53 17
94 49 13
41 85 10
66 80 12
68 89 5
63 64 9
37 78 17
66 69 8
51 76 19
108 65 8
70 63 16
59 78 14
64 65 12
41 68 14
35 96 7
21 21 2
69 60 11
63 62 11
63 64 7
62 71 18
68 58 19
63 71 8
58 105 3
40 80 13
60 56 15
29 74 16
67 64 16
89 49 12
98 50 15
15 85 6
91 51 10
85 54 18
68 70 13
69 84 9
40 80 10
43 79 8
52 72 16
40 77 17
65 64 12
17 34 3
89 54 7
92 56 16
4 51 6
67 67 10
64 57 6
70 62 6
41 89 15
39 79 15
62 68 17
84 45 7
89 50 11
42 76 13
72 63 12
85 53 9
43 76 14
54 67 17
47 62 17
84 49 7
57 76 18
92 64 19
44 73 10
55 56 19
44 75 19
74 49 10
57 65 10
54 124 5
25 79 15
64 62 5
41 88 16
89 50 11
63 70 8
37 81 7
64 72 15
36 82 9
56 69 8
52 74 8
64 65 15
40 74 12
90 49 16
46 66 7
38 80 17
106 103 7
89 49 19
33 73 7
40 79 9
32 73 16
43 77 16
67 68 7
69 62 15
62 64 7
80 73 6
24 21 4
69 59 18
69 108 3
37 78 13
60 96 1
63 63 14
63 59 16
43 79 15
73 47 10
57 65 8
42 79 16
68 62 13
37 73 5
28 77 15
66 60 15
50 70 7
64 75 9
36 70 8
39 83 17
123 74 5
67 66 10
48 87 15
91 44 9
39 81 16
72 77 16
39 86 10
101 60 9
57 66 13
47 85 15
74 72 7
38 78 15
36 86 14
71 65 15
91 42 5
66 73 6
65 62 13
64 63 10
65 58 8
65 66 17
86 29 4
40 68 8
69 63 14
40 73 9
70 78 6
116 36 4
60 57 8
59 54 15
67 52 8
60 77 9
60 60 14
86 49 16
41 72 12
67 64 9
63 66 7
41 81 7
67 72 10
41 78 7
52 68 14
66 54 11
66 71 19
87 50 19
60 61 6
62 56 7
90 52 7
100 57 17
42 74 7
91 49 12
61 37 11
37 79 11
91 44 8
39 76 19
54 83 12
88 50 18
51 62 15
62 53 14
103 51 7
54 82 6
48 75 6
44 84 15
56 70 13
60 56 8
66 61 13
66 78 5
73 60 11
65 62 16
61 74 10
25 73 10
88 50 7
51 83 12
39 82 13
62 62 12
63 61 14
65 64 15
38 78 18
84 50 16
87 49 14
56 57 12
67 63 8
23 31 3
64 65 19
42 94 8
68 58 14
88 51 12
74 74 13
63 65 11
69 58 15
34 89 15
40 80 8
62 69 7
43 124 1
81 58 9
42 86 10
62 65 10
66 64 5
41 78 10
44 72 6
65 63 13
92 49 1
48 66 19
65 63 5
90 52 9
41 79 19
59 57 15
60 62 10
69 68 8
65 65 14
35 76 12
60 61 15
48 57 17
36 69 8
66 65 5
61 64 7
72 61 11
69 72 18
89 33 7
11 126 7
88 51 19
44 79 17
71 74 14
87 53 11
86 49 16
87 48 15
49 64 8
40 79 10
51 57 12
44 82 18
60 71 13
63 63 5
88 38 10
65 64 7
64 56 7
60 74 15
104 68 2
67 75 6
50 70 8
78 64 7
91 49 11
61 18 1
67 66 7
43 86 14
80 64 11
57 67 17
32 78 14
61 66 5
55 60 11
89 49 14
87 54 5
58 68 10
55 58 7
56 75 7
64 64 9
104 55 12
22 117 5
39 75 7
39 82 5
38 81 18
64 61 11
43 81 3
12 48 5
63 63 16
84 48 15
64 63 9
46 79 14
62 63 16
62 63 11
70 41 6
32 85 17
67 64 9
39 81 12
60 56 14
7 88 4
40 79 19
87 49 11
88 48 14
92 53 11
64 64 17
53 54 9
90 29 3
63 58 11
83 53 6
61 66 9
32 66 5
53 76 6
39 79 8
50 73 5
67 48 9
60 67 18
88 51 5
72 64 17
40 61 11
62 75 7
63 50 6
100 42 6
37 75 8
40 80 17
65 60 7
88 51 15
82 65 15
66 77 6
62 67 16
56 71 12
42 65 13
54 78 18
37 90 5
45 74 10
59 60 14
53 60 10
77 56 13
42 98 16
44 64 14
90 49 9
86 53 18
38 76 17
38 62 10
67 64 9
31 76 19
62 64 14
90 50 14
91 48 19
74 78 10
33 81 5
39 74 14
69 66 14
94 49 10
77 105 5
69 66 15
67 78 18
35 2 8
65 68 19
37 68 15
59 58 7
45 77 14
89 45 7
49 66 8
66 61 15
63 57 12
60 64 15
57 73 9
43 82 15
60 57 15
64 59 19
78 66 16
89 48 7
42 79 16
56 55 12
44 58 18
63 64 17
67 79 5
49 82 12
80 54 13
40 80 5
90 51 5
31 39 7
86 46 19
62 64 17
58 75 5
69 70 19
58 63 15
70 67 11
63 67 19
50 88 7
70 66 18
98 50 16
89 48 11
40 81 16
64 63 8
2 74 2
62 38 10
60 60 12
55 70 18
88 50 11
36 77 6
68 73 12
63 65 11
62 63 16
39 88 6
80 52 4
68 57 14
47 82 16
63 65 7
34 80 6
88 38 6
59 54 19
68 49 3
89 51 17
109 100 3
59 60 5
50 58 16
63 63 14
65 65 5
70 64 16
122 3 4
71 58 6
67 54 13
90 120 8
65 69 15
68 68 14
88 45 6
15 95 6
63 28 6
64 66 7
63 64 8
50 64 6
87 47 6
41 127 7
67 52 14
42 85 16
59 65 7
17 71 3
35 77 16
41 73 9
44 62 16
62 57 5
60 72 14
63 64 12
67 61 16
88 47 19
90 50 15
84 56 18
43 78 14
74 64 14
63 63 11
64 64 9
62 57 9
99 15 2
93 46 7
73 58 13
62 64 19
59 77 15
66 76 10
42 77 7
70 69 19
71 52 18
62 56 6
34 88 12
48 84 10
61 66 10
96 42 8
41 89 9
39 80 15
39 80 9
91 55 15
66 69 11
88 53 9
63 58 13
63 71 10
39 81 15
39 78 15
70 42 13
62 68 8
63 63 5
61 63 11
58 60 17
54 65 8
36 82 7
72 64 11
28 81 11
38 74 10
39 86 16
40 79 7
39 79 11
34 76 17
65 61 13
71 64 18
75 65 16
43 82 16
65 65 7
37 91 17
80 66 4
52 68 12
66 63 15
91 47 18
32 81 17
45 84 6
74 58 10
63 63 14
96 47 17
64 63 15
64 58 11
19 40 7
65 71 14
66 51 15
53 47 17
42 71 16
69 59 12
79 44 8
60 79 8
33 73 18
44 75 18
70 67 9
58 65 7
68 60 9
67 63 17
39 76 9
63 60 9
81 40 17
63 75 15
61 68 8
67 82 11
63 66 5
55 55 19
85 52 6
41 73 19
90 47 8
84 60 9
56 66 6
39 87 15
62 66 14
66 68 18
63 64 17
85 51 10
77 54 8
44 77 7
83 61 11
65 67 17
39 77 13
57 70 19
31 86 9
32 90 9
63 62 9
74 62 12
63 63 7
90 44 13
67 58 12
73 76 11
66 63 15
54 62 8
66 54 17
53 59 12
61 68 14
41 82 9
62 65 13
83 58 8
63 64 10
63 61 18
70 56 18
63 60 19
70 64 11
65 71 5
65 67 7
45 91 6
71 69 8
39 83 17
60 64 6
37 79 6
65 68 14
42 83 14
55 73 5
119 23 5
64 79 9
56 63 12
41 80 5
70 75 18
94 59 3
68 49 13
66 74 15
58 65 5
62 63 13
62 62 15
93 52 7
63 64 11
54 55 10
118 83 5
73 66 16
64 92 3
53 49 5
13 58 1
101 53 17
93 47 10
42 91 18
37 80 10
57 55 13
66 63 13
44 83 8
63 64 13
65 63 16
69 66 18
91 51 14
53 66 17
52 45 5
38 80 8
40 75 15
90 49 16
71 51 16
54 65 14
85 50 5
63 61 6
39 79 15
58 59 7
90 46 18
90 49 16
90 52 8
39 79 17
90 50 18
93 54 17
93 49 5
66 76 8
42 74 6
66 58 5
53 71 13
79 40 5
42 80 7
76 52 16
64 60 15
63 71 13
58 53 2
93 53 16
83 50 17
79 51 7
56 55 13
84 36 6
40 80 19
37 24 6
40 80 19
86 44 8
65 47 19
54 71 15
63 65 16
66 67 15
72 61 9
61 68 6
39 77 5
64 63 5
66 76 9
64 55 14
40 118 1
64 49 19
92 50 16
110 14 8
54 63 12
71 75 5
20 83 17
64 68 6
64 55 9
71 58 8
56 76 15
63 62 14
26 25 4
63 63 17
54 72 11
90 52 14
67 60 15
61 65 9
40 44 2
40 75 17
56 60 10
62 63 9
56 64 12
104 121 7
1 127 7
91 49 11
36 77 5
93 53 9
90 48 13
44 73 16
58 59 6
120 115 1
43 75 12
91 49 18
77 11 1
89 50 16
41 79 10
90 49 11
33 72 8
34 81 7
58 66 15
48 85 13
68 49 6
30 123 2
66 69 19
55 60 7
69 85 19
64 64 7
14 70 7
37 79 13
116 84 4
79 68 17
92 50 12
74 57 9
76 59 12
64 63 17
65 71 11
60 68 7
77 56 17
39 80 18
42 32 2
22 90 1
32 75 19
63 64 8
64 62 15
30 69 9
64 62 9
38 78 10
65 70 16
67 78 13
63 63 9
66 60 10
58 58 19
61 66 17
37 41 6
73 60 7
91 51 10
63 63 15
122 44 4
67 52 8
42 83 5
87 47 14
21 71 10
69 60 11
43 73 16
86 54 13
58 65 14
85 56 9
42 78 19
54 64 12
62 32 5
37 90 9
66 64 10
88 19 8
88 53 5
68 62 7
64 63 9
39 77 15
72 59 18
89 49 8
40 77 9
61 55 12
48 79 16
66 56 10
69 43 19
88 52 5
55 78 5
65 63 15
61 66 11
63 63 12
61 72 6
46 26 4
66 64 5
67 69 12
66 65 15
39 80 19
44 84 18
76 44 9
39 79 16
41 79 19
59 61 6
62 58 12
65 56 1
66 61 15
63 63 5
53 96 1
62 63 7
92 54 16
29 89 7
89 50 15
92 52 13
65 54 12
58 58 6
42 70 6
55 64 8
68 60 16
64 63 9
63 68 14
42 79 15
5 101 2
36 75 5
63 63 17
61 67 15
63 72 16
80 40 10
65 66 9
88 52 7
64 65 12
88 50 11
70 68 15
61 56 5
68 70 11
64 65 13
60 70 12
65 67 7
10 98 5
29 49 6
51 51 12
35 83 9
56 66 19
64 60 15
92 42 6
63 64 7
36 119 6
40 79 6
37 76 7
32 82 14
50 109 2
106 101 3
63 68 6
87 47 7
80 61 5
73 75 9
63 63 8
42 83 15
61 64 8
35 79 13
57 65 12
39 82 16
36 82 14
91 49 5
90 50 13
55 70 12
66 66 13
46 79 19
87 49 10
62 63 5
59 57 18
71 59 11
64 61 8
39 83 16
63 64 16
94 49 10
90 50 10
42 82 13
73 67 5
43 90 6
63 63 8
88 12 2
79 67 6
87 42 13
69 56 8
40 77 9
61 64 19
89 50 10
34 85 18
60 62 5
33 98 14
40 81 14
69 59 14
88 45 18
61 68 16
12 16 5
52 79 5
48 51 13
42 82 13
85 53 10
49 65 7
63 64 5
64 62 12
87 52 7
37 71 13
65 70 16
89 50 17
42 81 15
63 68 5
89 49 6
52 60 17
62 65 14
82 50 12
61 70 9
89 50 6
63 57 7
71 57 12
36 72 18
63 73 7
61 64 8
63 64 8
50 50 7
41 67 18
64 62 15
89 50 16
68 99 4
42 83 13
45 72 15
87 46 18
126 76 8
90 45 17
43 78 18
75 60 5
68 68 16
43 86 15
61 57 7
88 49 6
111 86 6
64 60 19
121 19 5
35 96 15
42 86 8
3 94 8
118 64 4
122 63 3
27 92 12
32 79 7
96 53 17
65 62 6
67 64 19
56 57 3
80 59 7
35 76 10
34 76 17
53 50 15
68 57 18
51 56 5
49 84 8
96 41 13
27 62 1
71 62 5
69 62 7
101 54 10
65 62 17
88 24 5
54 68 17
63 64 5
64 65 14
41 59 19
62 62 6
24 73 11
75 61 11
63 66 16
35 81 11
44 78 13
85 45 2
71 51 7
63 61 13
38 78 13
68 60 13
66 55 17
42 83 10
59 60 6
38 75 11
58 64 18
67 66 16
88 55 16
52 60 10
45 108 5
49 76 8
33 70 14
90 48 19
40 81 19
63 63 13
75 65 1
91 54 5
40 80 13
44 75 8
91 44 16
88 49 15
37 85 15
28 120 4
64 58 11
53 57 9
6 49 4
54 55 12
64 63 10
49 80 13
31 89 12
72 62 7
75 71 9
60 66 8
70 65 8
58 67 14
59 63 17
58 66 10
88 104 5
37 80 8
37 77 11
30 78 15
63 64 15
68 60 5
65 65 14
65 65 15
64 61 9
66 71 12
90 48 5
68 63 5
90 50 8
83 43 14
54 46 6
55 57 17
81 71 19
77 47 9
64 64 10
59 75 17
35 81 5
64 62 11
61 61 5
90 52 11
45 25 1
91 52 11
60 81 5
31 71 14
35 80 12
102 127 1
38 32 5
86 49 8
74 51 10
36 84 18
63 66 9
18 118 5
30 119 3
38 79 5
71 61 19
65 64 7
63 67 7
68 65 14
64 71 17
39 80 5
102 50 6
63 10 2
64 60 6
89 54 19
79 64 5
74 59 9
88 47 19
38 76 11
95 52 11
42 72 17
38 81 12
65 72 8
90 49 5
32 87 16
62 66 7
51 61 17
88 54 17
79 50 6
66 63 12
40 79 17
47 78 17
64 65 8
54 66 9
74 79 8
40 80 8
86 50 12
94 46 6
65 73 18
86 52 11
67 64 17
61 63 16
62 61 9
51 50 8
38 77 15
11 31 7
119 11 5
60 43 15
58 60 16
66 68 10
30 77 9
64 62 7
67 60 11
58 66 13
64 49 12
89 52 8
69 66 16
26 103 6
69 62 17
64 53 12
77 80 8
38 78 14
71 61 9
64 61 16
40 80 15
96 49 9
88 50 19
6 22 2
33 65 10
60 59 12
75 71 18
30 71 15
64 63 5
37 77 7
127 54 5
85 60 16
39 83 5
39 74 7
60 62 13
43 82 7
45 67 9
126 16 1
92 47 8
53 69 10
84 45 19
68 63 8
40 83 19
71 77 8
65 62 7
72 34 5
63 62 14
70 54 10
64 72 7
19 70 8
45 74 7
37 87 11
72 60 12
76 52 9
65 63 7
63 65 6
62 65 16
64 68 10
61 48 5
56 63 19
70 66 5
88 41 8
37 81 5
69 64 19
46 72 15
43 77 18
65 66 16
90 48 17
62 53 16
90 50 16
63 63 6
87 44 19
66 58 5
17 72 1
67 77 18
88 50 9
93 42 8
76 72 13
88 52 17
62 61 8
63 58 11
54 64 5
88 50 9
92 48 19
70 71 17
87 20 6
59 60 8
39 79 11
31 73 19
70 61 8
75 81 1
65 68 16
37 81 6
70 73 16
86 51 7
40 77 19
11 16 4
38 77 11
59 57 19
62 67 9
48 72 14
51 67 8
6 58 3
17 76 4
64 63 15
90 50 7
61 61 16
92 49 16
90 44 17
69 53 12
64 64 13
58 60 17
104 49 7
87 49 19
72 63 10
37 80 10
68 68 6
43 71 19
65 123 2
19 78 8
75 54 18
89 49 15
53 64 9
95 44 18
1 23 6
57 70 6
25 58 5
64 56 6
67 68 13
36 71 17
92 52 6
40 80 17
57 67 8
86 49 15
61 63 15
40 79 8
36 80 9
8 6 8
64 64 14
60 62 19
68 69 14
90 52 15
38 83 10
73 82 16
58 67 18
99 42 4
114 61 2
80 49 13
64 63 12
33 80 15
101 4 6
61 59 12
39 79 18
40 77 5
77 75 11
38 90 12
34 87 18
67 67 13
58 58 16
74 58 13
62 62 14
80 55 13
59 47 14
53 51 6
126 90 6
93 51 13
76 64 10
64 62 17
87 49 18
65 63 7
90 51 9
40 79 17
37 4 6
94 48 8
38 77 12
68 71 9
63 62 15
97 53 6
54 66 18
34 81 19
65 53 15
39 80 13
71 68 17
59 65 16
40 77 14
38 78 7
87 48 14
57 66 10
72 61 5
40 66 12
95 49 13
43 84 9
121 115 6
54 54 19
65 63 13
62 63 5
46 75 10
67 62 12
58 53 15
36 73 12
62 66 5
59 85 10
61 48 10
24 121 1
104 69 6
75 76 12
34 72 6
66 64 16
90 50 8
99 54 17
68 66 13
61 58 5
47 40 5
35 81 15
65 47 17
41 79 9
39 71 7
69 65 17
71 63 16
74 46 6
48 67 12
67 61 17
38 89 18
68 68 18
74 64 13
57 71 9
40 71 11
66 67 7
67 66 17
59 60 5
66 66 13
50 83 10
60 57 14
34 76 14
86 50 16
66 55 12
89 48 13
89 50 10
58 64 7
50 74 17
87 56 16
46 71 15
66 67 16
89 46 17
60 56 15
78 59 5
78 27 2
41 89 15
91 43 19
77 60 9
69 67 9
66 64 15
48 82 5
90 40 10
68 60 8
58 55 6
40 82 13
80 60 7
37 76 5
63 64 8
86 48 3
64 64 7
17 63 3
88 51 18
62 64 11
100 63 6
61 62 11
47 72 13
64 62 12
95 50 19
74 64 14
91 52 15
40 80 18
73 26 1
43 79 19
63 60 7
125 106 1
63 64 11
70 62 13
35 79 7
82 76 9
103 13 1
93 62 5
52 73 1
39 91 6
64 63 12
61 64 5
80 70 3
90 49 19
82 84 4
67 64 17
90 49 19
77 70 14
41 82 16
55 71 17
49 41 4
82 46 12
67 10 4
39 81 9
97 45 10
75 65 19
78 71 9
95 34 8
87 43 5
71 72 6
37 75 14
64 63 17
40 79 11
40 80 8
42 39 7
65 76 6
67 79 3
109 29 4
70 60 16
76 58 13
61 63 14
93 48 12
54 70 7
63 63 17
92 49 5
49 66 6
52 105 1
73 72 18
59 66 8
91 54 15
45 63 18
73 56 5
56 61 18
63 61 18
60 54 7
71 62 18
69 63 10
42 82 14
63 62 6
33 78 7
92 46 11
33 74 10
57 67 9
87 46 18
84 57 19
61 63 10
89 50 5
83 47 18
64 64 19
63 64 9
92 45 13
37 76 16
37 73 17
61 64 18
91 48 6
35 81 8
64 67 17
67 61 16
55 67 15
97 88 5
42 80 14
69 58 11
33 73 8
62 65 14
54 66 6
56 60 8
36 82 13
63 64 9
37 82 11
93 47 8
41 75 19
38 74 9
89 49 16
64 63 8
50 87 17
6 88 5
56 74 17
94 60 10
33 72 12
41 72 5
66 60 14
40 84 9
91 49 8
60 49 12
76 51 15
92 19 6
67 69 5
46 76 9
54 62 5
55 85 16
78 67 18
72 52 1
63 54 6
36 77 14
124 105 6
66 67 6
84 47 10
39 74 9
62 50 16
77 59 14
64 64 5
54 2 7
90 48 5
58 70 9
63 62 12
64 64 7
67 63 19
39 79 5
96 43 7
90 58 6
44 78 14
72 69 19
43 76 19
95 106 7
74 72 19
39 86 9
64 56 5
36 40 7
86 46 12
39 80 18
59 59 13
12 123 6
127 118 7
37 69 17
43 74 10
126 52 3
101 64 4
89 46 6
39 81 10
66 67 13
53 67 9
61 69 19
63 64 9
38 78 9
49 54 16
68 60 15
41 78 19
88 49 11
63 63 5
61 62 10
10 1 5
80 54 18
31 82 18
60 62 19
38 81 17
88 49 18
88 49 12
64 64 10
39 77 14
71 61 16
65 55 17
64 63 16
90 66 9
63 54 13
78 49 8
89 44 7
42 86 15
58 70 6
103 103 7
39 79 5
89 51 15
59 62 8
77 72 10
36 79 10
64 61 5
60 55 7
33 67 19
38 81 11
35 75 8
85 49 6
113 34 6
66 58 11
69 64 8
63 65 5
56 65 15
61 64 13
76 59 18
64 57 10
65 63 16
66 80 8
58 63 19
76 66 14
90 50 16
37 82 14
41 82 10
64 65 8
90 48 10
51 60 15
40 90 8
47 57 8
62 68 11
38 76 15
40 87 5
36 77 8
29 25 8
68 61 8
61 66 12
60 80 15
64 65 18
73 72 8
28 81 6
63 67 16
33 84 16
63 64 12
101 44 8
96 55 9
39 84 9
51 64 13
61 45 16
72 80 5
65 66 11
62 65 8
58 62 15
65 65 19
62 27 6
72 66 10
62 65 19
63 63 8
90 52 10
40 78 13
96 53 15
58 53 5
64 64 8
92 50 7
34 81 10
91 52 18
63 66 18
69 65 14
40 77 5
60 82 10
65 60 10
75 72 13
59 64 17
75 73 13
74 45 8
39 79 12
38 74 5
65 60 14
69 59 11
65 66 12
92 55 12
62 54 8
64 45 18
59 61 6
83 54 14
40 80 11
98 19 8
39 80 16
37 77 6
63 62 18
92 82 5
83 83 15
102 54 16
58 63 10
36 79 6
40 80 9
64 64 7
64 64 6
63 57 17
62 61 16
43 75 14
88 51 6
66 63 10
26 80 10
67 61 19
91 50 5
47 78 15
64 63 15
39 77 6
32 79 6
54 59 7
40 69 16
69 72 9
87 44 15
65 63 7
65 68 19
64 62 8
63 61 14
47 68 7
42 80 18
66 63 6
64 59 19
41 75 10
53 64 9
30 72 9
82 70 5
26 60 1
90 49 17
30 74 7
32 86 12
73 61 11
34 82 19
75 76 6
54 64 8
39 69 11
62 41 11
45 61 6
63 61 16
63 57 9
97 45 19
64 63 6
4 116 1
32 81 12
30 67 19
64 64 9
40 82 8
60 62 12
60 81 17
40 79 7
39 80 13
70 64 5
78 61 14
56 48 19
78 64 9
40 71 8
41 76 10
73 76 6
74 76 5
62 64 13
76 62 13
61 54 17
63 63 6
37 75 11
59 62 17
64 61 12
85 54 8
69 59 8
89 49 5
89 49 12
78 56 2
32 85 11
46 74 17
87 53 18
38 78 13
112 70 4
59 59 5
86 51 8
57 64 15
91 51 8
89 45 17
55 77 12
64 65 9
63 65 8
65 64 19
61 75 7
34 81 6
38 72 5
39 75 12
93 54 19
39 83 10
57 69 5
39 79 8
62 57 7
61 65 15
35 71 15
61 66 6
66 64 11
36 84 19
36 84 11
39 87 11
48 34 4
73 66 14
66 56 12
64 63 8
89 49 6
39 80 9
35 83 14
33 53 7
38 79 6
38 80 16
63 61 9
40 84 15
52 81 17
63 63 15
65 66 15
65 62 17
32 77 18
33 86 9
67 62 10
90 53 14
86 44 12
54 61 7
52 75 19
22 80 6
54 55 12
34 72 19
45 84 8
69 82 14
66 55 10
50 53 15
56 61 15
35 61 5
37 70 6
44 65 17
60 74 5
102 90 2
89 51 16
36 64 2
63 53 8
64 59 14
33 71 18
68 55 10
71 62 12
64 58 12
61 54 17
68 53 14
37 69 17
59 75 11
68 63 14
89 53 7
63 66 12
59 64 19
61 57 13
82 76 2
26 71 8
90 49 12
37 75 11
59 63 17
59 69 19
32 71 10
73 72 19
60 57 7
57 64 13
63 61 11
39 84 6
64 65 17
58 68 10
64 58 18
73 61 15
47 66 14
37 82 6
53 78 4
15 78 6
46 85 8
69 65 6
92 39 3
43 78 16
54 58 9
40 80 14
37 75 17
88 56 8
61 64 11
56 69 14
67 73 19
112 108 8
90 52 10
61 68 12
70 90 5
66 95 8
63 66 9
57 62 8
55 62 19
68 64 5
62 60 12
31 71 5
60 55 19
70 67 12
63 63 12
11 73 5
63 63 16
41 92 12
48 70 12
68 61 9
36 77 16
65 60 6
88 38 16
64 51 12
110 79 5
61 65 10
107 96 6
62 64 6
59 52 15
65 63 10
66 65 5
40 79 5
65 64 17
61 63 17
63 63 14
81 70 13
89 49 14
63 64 11
42 70 15
64 65 13
87 51 19
42 56 5
39 79 17
84 47 15
50 60 17
88 49 17
70 59 16
63 60 6
41 75 8
64 66 16
64 59 11
47 77 10
59 51 9
60 50 13
63 63 9
55 70 9
44 70 8
64 62 17
43 77 15
60 64 7
55 60 18
74 67 18
38 88 12
90 104 7
53 61 5
53 80 18
64 55 13
53 61 15
37 83 13
90 49 12
85 47 6
60 73 14
48 81 6
67 67 16
59 59 6
61 64 9
39 78 12
61 69 13
61 61 16
88 51 18
29 77 6
71 39 6
40 80 8
60 62 17
68 51 10
38 79 19
116 43 1
59 70 13
41 33 6
63 64 16
12 74 1
39 80 13
72 60 12
64 65 8
61 64 14
89 56 18
67 51 15
63 65 18
46 68 6
67 74 6
63 55 5
66 64 12
61 63 16
44 85 10
68 65 6
60 108 1
54 69 11
98 46 11
73 75 19
64 65 6
89 49 8
44 68 4
53 66 12
61 66 19
38 79 12
33 75 11
71 58 8
54 65 11
102 47 5
37 83 7
39 82 5
62 76 5
64 61 12
58 64 18
64 69 19
68 69 11
87 52 9
67 56 13
39 80 10
63 64 19
81 73 9
38 80 12
37 81 12
86 41 15
68 79 13
43 93 18
52 83 19
49 14 2
93 49 15
62 61 14
93 49 12
64 64 8
42 84 10
94 49 7
37 81 8
65 70 10
56 78 11
66 73 10
36 84 10
26 74 6
69 72 19
43 88 12
66 70 18
35 78 12
41 79 7
46 88 13
52 75 13
84 47 6
62 61 14
61 57 17
27 76 19
73 63 17
2 20 5
63 58 6
95 49 13
61 61 5
116 74 1
69 59 10
66 62 8
64 64 16
91 49 17
64 65 18
64 65 15
33 82 13
88 88 8
62 72 19
27 82 15
70 51 14
69 57 18
64 66 6
46 89 17
65 65 8
63 63 17
63 62 9
87 57 13
69 61 10
40 78 19
88 51 10
44 77 10
5 18 1
87 49 15
44 76 15
73 68 8
41 82 5
33 81 11
66 47 17
31 85 17
88 48 13
65 66 18
60 63 16
67 63 16
66 66 16
37 78 5
71 74 10
49 59 8
57 63 18
66 57 13
64 64 7
62 49 13
62 68 7
62 59 18
70 71 12
62 64 6
52 66 12
61 69 10
64 65 16
79 49 13
73 68 16
64 62 10
43 76 7
67 56 8
125 122 5
63 64 5
91 47 17
86 51 15
63 65 15
60 66 19
41 81 18
39 70 12
47 82 13
58 77 16
42 78 14
56 73 12
88 44 15
60 57 16
53 64 19
75 51 5
69 62 16
64 61 12
63 63 15
31 75 16
72 58 5
72 76 18
21 45 7
15 15 5
60 65 6
57 65 15
49 73 13
58 62 8
65 64 19
65 64 10
88 52 13
65 65 9
39 80 10
58 65 17
91 51 19
55 69 9
91 48 14
64 62 11
18 45 6
58 63 18
67 78 8
67 70 18
64 55 8
69 79 6
90 46 18
90 50 16
59 64 6
67 75 10
63 68 19
35 78 19
64 55 16
37 82 17
73 60 5
28 82 5
66 61 6
54 54 12
87 56 19
66 35 6
62 64 12
42 48 6
88 48 12
92 53 16
41 85 11
46 78 18
48 88 8
53 56 15
55 57 6
59 69 15
47 67 12
68 64 14
67 64 11
53 67 15
69 68 9
41 79 5
93 47 7
90 50 6
61 65 12
41 82 13
52 59 9
74 76 13
61 61 14
64 67 16
40 80 12
90 50 9
67 75 15
41 80 13
78 66 5
53 71 7
62 68 6
69 59 7
39 78 13
60 72 15
92 48 8
42 86 5
44 88 18
64 64 8
103 24 1
68 51 6
34 80 10
59 68 8
38 83 14
81 76 14
51 61 17
85 48 9
46 79 19
32 77 5
29 109 6
40 77 13
64 63 5
55 67 6
48 65 6
50 45 10
71 61 9
78 62 9
70 57 5
63 63 13
60 59 11
64 54 13
40 80 19
65 68 11
39 100 16
66 67 18
94 56 7
69 61 14
52 89 12
64 67 18
73 61 10
37 76 9
39 77 7
1 81 5
36 88 13
67 66 16
83 46 8
64 64 9
48 85 18
74 57 11
39 80 7
37 77 12
63 60 18
37 76 14
84 115 2
62 59 5
40 79 11
41 76 9
64 77 9
63 58 17
76 65 19
55 66 17
61 69 8
74 70 16
67 67 19
57 80 12
65 64 13
62 81 5
62 62 18
73 51 8
69 63 9
69 75 7
59 74 6
57 62 10
64 64 9
73 56 10
68 59 11
66 63 9
73 56 8
91 60 14
65 62 10
41 69 13
47 68 9
57 67 8
61 64 6
81 16 8
30 83 6
63 63 15
93 58 10
65 68 12
28 90 18
88 50 10
70 58 13
55 83 17
57 66 8
72 61 18
62 65 15
56 68 7
63 63 9
77 71 17
90 54 8
94 45 14
39 81 16
63 62 13
21 66 7
39 80 8
61 69 14
50 74 16
59 67 15
125 22 3
54 45 14
89 50 10
94 45 7
59 57 12
31 67 9
90 51 16
37 84 16
39 79 17
60 65 19
50 65 8
59 57 7
56 57 17
28 108 3
94 52 15
60 54 12
37 31 6
38 78 6
66 55 11
82 98 4
83 43 18
44 91 3
70 12 1
64 64 5
61 61 11
41 75 8
47 77 13
89 52 11
39 81 19
56 58 13
91 57 14
64 65 7
60 59 13
91 51 17
30 85 8
63 67 7
34 83 13
44 80 10
61 69 15
70 64 5
65 64 13
62 62 5
117 56 4
50 14 6
62 62 12
94 48 9
76 49 8
68 63 5
56 66 15
47 81 12
66 63 16
61 62 8
66 64 19
68 64 15
40 78 10
74 70 16
91 112 2
67 59 8
69 50 8
57 60 14
70 63 18
38 83 7
9 58 1
67 67 15
67 79 18
80 122 5
38 79 16
79 60 5
63 68 8
53 67 9
63 64 16
50 86 13
50 65 5
73 63 6
88 83 15
61 55 9
66 60 12
65 65 17
69 64 14
40 79 5
66 59 14
58 64 7
38 80 11
63 63 13
40 76 17
90 52 14
36 74 7
102 31 8
38 79 15
61 69 16
42 50 11
35 91 19
79 58 15
80 73 19
66 65 19
76 60 12
73 58 6
65 62 13
93 86 14
63 67 18
73 67 11
63 60 6
82 47 10
69 61 3
52 81 6
87 54 11
64 63 5
39 79 10
78 66 19
85 50 11
88 49 15
47 81 13
10 18 2
63 64 10
63 67 13
63 57 12
39 78 11
90 47 5
72 71 13
64 54 19
62 66 12
4 127 8
36 78 10
38 82 5
31 90 17
91 54 7
88 49 17
62 66 5
88 51 12
56 63 5
12 108 1
4 78 3
48 84 15
63 57 16
68 61 17
71 73 9
65 61 16
66 55 18
66 85 10
38 79 13
43 48 4
83 68 4
61 77 9
39 86 16
67 60 14
77 59 13
66 64 18
61 63 14
64 64 13
39 74 19
95 75 2
92 48 11
52 92 12
66 62 14
127 31 4
59 72 8
108 117 2
66 65 6
74 74 7
56 61 12
88 72 19
90 51 19
71 51 5
44 82 11
64 48 8
79 67 12
40 81 6
37 85 5
62 53 8
120 107 6
64 58 6
91 52 16
68 63 9
75 44 18
75 53 19
36 71 19
49 82 19
62 67 11
64 67 8
71 64 8
66 59 16
66 75 18
27 78 8
63 66 8
39 81 9
60 38 1
39 81 5
39 79 19
58 72 8
59 61 7
83 46 13
66 49 19
35 70 13
46 78 15
71 63 5
71 54 7
61 59 15
55 62 18
65 67 7
65 71 19
0 7 8
44 76 19
93 52 15
64 63 12
70 59 16
63 64 12
37 82 11
53 53 16
89 48 18
43 80 15
41 82 17
34 19 3
26 9 5
72 63 16
103 55 16
58 72 8
39 80 17
39 80 15
69 54 13
62 71 7
74 99 8
63 64 11
90 48 11
56 59 10
55 64 9
66 63 19
71 62 12
91 54 13
49 72 13
122 63 5
28 70 11
46 78 15
62 65 13
40 81 6
93 47 17
45 76 12
97 43 14
60 66 11
92 47 13
38 80 5
63 67 14
69 70 9
59 63 14
48 82 11
65 62 10
66 54 14
74 58 16
0 65 7
58 60 10
72 48 15
40 81 17
29 74 8
70 78 12
63 62 7
91 44 18
63 77 11
37 81 9
64 65 5
65 62 15
42 80 18
36 80 15
64 60 18
64 63 13
66 59 12
41 80 8
11 18 1
88 57 18
70 63 16
91 49 10
85 49 19
80 45 14
87 52 10
36 29 2
65 64 16
89 52 9
58 67 16
65 62 7
65 63 17
67 58 8
67 60 15
115 27 6
69 78 9
87 56 14
91 45 16
57 69 6
65 23 3
90 53 9
89 55 5
38 78 14
96 44 13
91 50 6
39 79 13
64 57 16
84 47 15
41 81 14
62 65 13
70 65 6
64 63 10
91 49 6
83 1 7
64 66 6
65 62 5
58 90 17
40 89 11
92 50 15
65 63 16
40 79 7
36 83 13
45 68 19
42 85 10
64 55 9
41 85 5
84 45 7
41 79 17
68 65 10
64 59 5
90 56 8
50 68 12
73 52 15
38 67 16
66 60 10
64 77 18
66 63 5
90 46 18
43 78 15
65 54 13
72 88 18
67 60 15
90 51 7
66 62 19
43 81 16
41 92 5
36 74 6
38 79 17
42 82 8
33 79 17
66 61 13
40 78 8
60 60 19
62 73 7
97 52 17
110 123 7
44 83 7
88 51 5
75 49 9
66 65 7
70 69 15
36 88 11
9 101 6
99 56 17
68 60 7
39 72 18
13 103 6
39 88 17
32 96 8
40 80 7
72 63 9
65 57 5
40 83 18
74 19 6
45 80 13
76 58 8
44 77 8
36 67 10
65 58 6
50 84 15
101 57 13
92 49 5
41 76 16
63 61 10
46 74 5
60 65 11
51 64 13
64 63 13
64 63 18
39 79 18
44 87 13
63 66 15
88 74 6
74 77 19
88 46 16
62 61 7
28 65 12
73 68 16
39 83 10
78 63 19
43 84 15
55 54 17
33 84 18
40 79 13
40 89 13
67 58 17
40 81 10
34 74 14
63 65 15
31 91 9
77 76 16
90 52 15
48 73 8
65 60 16
73 73 6
61 60 19
63 68 12
65 61 8
96 55 17
93 52 7
71 69 9
45 80 14
59 64 8
65 64 16
40 79 12
48 64 16
67 68 5
59 61 10
24 99 1
63 63 17
30 78 19
30 79 17
62 60 18
64 63 13
64 64 6
43 76 9
64 55 17
60 61 6
64 81 7
62 66 6
70 65 19
63 32 8
57 62 5
65 64 10
63 64 9
90 50 18
63 66 18
61 63 14
60 62 15
64 67 15
35 91 19
66 61 15
50 86 9
70 70 8
67 61 19
83 77 6
64 45 11
102 50 13
95 53 7
64 71 10
62 66 10
89 52 15
38 80 16
57 72 8
87 55 9
13 47 3
78 63 19
80 68 14
66 69 18
71 58 16
66 63 17
47 70 12
61 65 6
88 49 12
39 85 6
78 66 16
21 83 1
44 80 2
72 62 10
90 49 19
88 50 15
39 75 8
55 66 10
81 78 15
62 75 14
88 51 16
71 12 1
41 74 5
40 91 9
36 82 14
35 80 19
63 59 19
39 81 16
62 61 18
52 73 15
64 63 5
57 55 16
104 119 3
36 73 7
34 83 14
92 50 13
91 51 6
71 61 19
96 45 15
37 74 5
65 59 16
90 47 12
56 88 8
34 88 6
96 53 13
34 77 17
69 62 19
65 66 10
64 61 13
70 58 10
124 1 4
75 57 15
66 61 7
68 75 7
41 76 13
88 39 12
51 61 6
61 61 13
101 20 2
77 80 7
37 76 5
61 66 19
61 55 18
40 77 8
48 45 2
65 83 16
69 65 13
38 82 9
75 73 11
57 63 7
36 78 7
59 67 9
40 80 18
77 79 13
71 63 15
38 79 10
55 73 18
49 50 2
89 58 16
67 57 7
63 79 18
28 86 12
67 62 17
65 52 15
61 64 17
88 49 7
30 20 5
41 80 10
64 27 1
58 66 16
52 64 6
32 80 15
38 82 11
36 78 10
64 64 6
90 47 11
40 80 5
62 68 19
64 63 8
41 127 5
90 12 2
69 69 6
61 62 8
64 61 7
39 84 8
61 65 7
114 30 8
87 46 10
108 29 1
41 87 5
55 62 14
67 69 19
68 48 9
70 70 17
89 54 13
40 79 6
40 79 16
59 63 13
66 61 17
117 126 3
94 48 14
51 61 18
61 66 19
73 67 12
65 70 19
62 74 19
42 80 19
66 64 6
64 65 16
62 60 10
37 78 5
29 83 12
44 80 13
60 69 19
67 71 4
68 72 16
44 74 19
43 80 8
62 65 12
64 63 7
39 77 13
29 79 15
92 15 8
63 65 12
92 45 15
63 70 19
64 58 9
65 64 6
66 65 17
65 61 13
60 66 9
64 63 15
70 60 13
81 47 8
63 67 9
48 84 18
39 79 12
77 75 5
58 63 17
94 46 13
51 55 8
35 78 15
60 63 9
60 62 6
58 58 6
62 65 12
107 51 3
73 58 8
36 81 19
71 66 14
63 82 10
90 44 17
88 50 8
72 66 19
56 58 14
63 67 9
36 83 18
61 65 8
103 52 19
90 49 5
93 50 5
57 81 10
48 79 11
67 57 15
64 59 19
91 45 18
87 50 8
62 66 6
37 80 13
87 49 5
65 69 10
40 79 12
58 58 13
64 73 5
55 62 10
90 47 14
89 51 6
64 66 19
93 113 3
70 67 18
30 116 4
82 29 3
38 78 6
59 69 6
24 106 1
59 68 17
45 83 8
57 63 19
88 55 11
39 81 17
90 49 10
90 46 14
66 84 11
62 60 10
37 85 12
64 57 12
72 58 7
61 58 19
90 52 11
76 48 12
39 88 18
75 71 7
87 47 13
60 68 12
43 75 13
59 77 15
23 99 2
72 69 15
69 64 18
42 84 18
62 61 9
65 70 13
18 81 1
63 68 16
44 88 19
70 70 10
40 78 9
69 68 10
65 62 9
74 48 16
63 63 17
60 60 7
79 69 7
80 118 8
69 78 8
57 66 19
53 64 9
68 72 6
94 43 7
57 70 18
29 82 13
34 83 18
88 56 8
88 50 17
85 47 5
85 46 6
64 65 17
95 45 17
76 61 9
71 79 12
36 82 15
107 43 5
40 80 16
65 73 8
41 75 11
20 74 17
64 75 11
66 60 7
43 81 9
62 69 6
66 71 9
43 83 19
93 85 6
61 56 17
53 54 7
50 71 17
71 54 19
36 76 9
42 78 15
71 61 8
74 59 10
91 3 8
40 83 13
65 62 8
38 79 18
63 68 14
62 57 6
45 73 11
70 50 5
77 93 2
65 64 9
34 112 2
55 64 15
38 80 9
54 72 19
65 62 12
73 116 4
91 48 7
71 71 15
60 67 12
37 87 10
46 70 18
59 52 7
91 53 5
48 81 5
48 86 9
68 62 18
44 84 15
95 50 14
37 79 12
59 59 19
55 56 16
81 64 12
63 67 2
46 74 19
73 52 11
89 50 14
64 51 9
46 73 18
77 127 8
30 81 12
63 74 6
97 52 5
63 62 13
93 50 6
94 54 12
40 80 6
43 78 15
63 58 14
56 61 19
63 60 8
90 44 8
63 69 19
75 57 9
36 80 9
48 14 8
118 59 4
55 79 7
59 41 17
64 65 8
40 75 9
37 93 9
57 84 10
45 77 10
68 56 16
75 63 5
100 2 8
89 49 7
65 66 11
84 58 19
39 81 19
27 44 8
66 78 9
58 52 17
57 63 18
57 58 13
85 66 7
93 50 12
47 74 15
91 51 16
72 56 18
75 66 12
71 77 16
98 58 8
67 60 17
89 51 5
76 64 19
75 75 15
37 81 15
70 56 18
37 82 13
63 70 17
93 44 8
47 80 16
94 10 1
64 66 13
117 53 3
67 63 14
42 79 10
68 48 6
63 64 11
89 49 14
58 91 6
55 59 8
33 85 9
43 89 13
40 80 14
64 60 11
91 38 19
61 65 15
61 65 19
59 75 8
74 41 2
55 66 18
61 53 6
65 65 9
65 70 12
96 87 4
65 66 16
87 52 11
62 64 19
63 53 13
67 60 18
71 53 9
6 34 5
63 64 14
62 63 18
92 45 13
51 69 5
40 79 14
86 69 7
56 50 6
62 60 13
44 80 11
38 80 11
41 76 7
65 67 11
37 85 18
68 66 11
54 83 9
81 10 6
47 69 16
73 56 12
89 48 8
47 78 7
70 66 5
86 48 5
57 75 8
65 64 14
66 58 18
71 54 10
62 68 6
54 62 5
85 45 6
62 62 15
67 77 4
68 64 5
40 77 18
52 44 19
36 81 8
22 109 8
95 52 13
38 80 12
61 63 11
65 63 7
56 69 19
92 54 11
90 48 6
39 79 19
69 55 9
42 89 16
64 61 19
86 52 11
52 63 3
63 66 13
88 41 10
45 80 11
66 58 19
44 80 5
54 77 7
67 67 14
57 59 15
39 78 5
39 81 19
60 77 6
58 75 9
39 79 16
65 60 13
57 65 5
64 64 16
55 68 19
63 64 17
57 68 15
10 120 4
64 52 5
54 86 13
25 13 3
69 75 16
80 46 7
70 70 7
40 78 17
55 60 17
7 19 8
90 52 13
64 63 12
59 62 14
71 51 15
38 77 5
65 62 5
64 62 13
41 78 19
62 64 18
77 74 9
61 67 12
70 63 13
61 63 8
68 54 12
56 55 14
45 33 8
95 44 6
91 51 6
68 69 6
32 82 8
64 62 11
64 66 10
90 51 19
61 64 10
54 62 17
35 85 7
62 53 10
71 60 6
30 81 10
90 55 16
93 55 11
16 66 7
8 2 4
80 13 8
89 55 18
126 75 4
64 68 10
70 68 17
19 100 6
36 98 13
105 45 2
56 49 13
46 73 16
40 2 2
63 64 7
26 78 5
86 50 5
52 35 1
61 62 10
37 79 18
89 50 9
60 69 16
34 81 5
43 37 2
88 58 5
34 83 10
91 52 8
66 62 19
38 77 14
110 65 2
36 76 13
66 63 13
70 49 5
38 81 17
90 51 5
70 50 10
73 70 17
37 81 11
59 58 19
62 65 5
65 62 14
75 56 7
67 68 15
38 69 11
108 14 7
65 62 10
84 40 17
32 97 10
33 85 10
47 93 11
49 83 16
70 17 5
96 39 6
47 72 10
45 82 12
67 69 16
37 79 7
99 10 7
88 47 10
71 73 8
71 76 5
53 54 14
36 78 11
18 86 5
68 74 19
66 54 15
65 60 8
51 64 14
71 50 6
37 82 14
87 56 4
40 77 16
60 74 14
65 58 7
95 100 4
56 60 13
47 30 4
70 59 19
92 48 14
39 81 6
44 84 17
64 63 15
42 89 16
68 66 11
59 74 12
55 64 12
42 81 11
73 58 11
65 64 14
58 54 11
62 66 13
89 45 5
46 72 17
94 53 9
93 46 8
98 46 10
68 65 8
40 81 10
77 48 8
88 49 7
27 23 6
27 81 16
71 60 12
30 73 7
97 53 11
43 88 8
46 62 8
98 6 4
66 64 6
44 76 12
64 63 11
63 70 18
63 58 13
65 65 15
70 66 15
22 36 2
61 62 10
74 66 9
86 51 5
66 58 15
81 60 5
60 56 5
67 112 7
65 68 11
66 66 8
40 80 15
64 66 17
56 69 16
69 52 9
33 84 11
37 69 11
41 83 8
72 67 14
35 93 8
62 72 10
121 9 1
74 73 12
47 86 5
70 65 6
42 78 14
57 72 17
34 127 8
64 70 13
44 77 10
56 62 12
63 64 18
38 79 8
59 73 5
57 55 12
93 48 12
65 67 14
63 63 16
67 66 13
62 66 5
91 46 12
52 69 14
79 81 17
63 64 6
61 67 8
58 50 15
65 58 19
76 83 8
40 81 19
88 45 10
94 51 7
66 62 11
66 49 11
40 80 6
71 44 7
90 50 9
89 50 14
65 65 6
49 80 5
43 66 15
61 69 19
68 65 16
59 60 19
58 70 18
66 61 7
92 44 13
31 90 14
33 80 11
67 71 12
59 55 12
48 81 18
67 61 17
64 61 13
69 63 14
38 76 6
63 62 17
63 64 11
39 79 11
68 55 8
39 82 10
40 80 17
63 64 12
63 64 9
60 61 14
87 44 7
62 58 7
36 72 8
35 78 12
60 67 7
42 83 10
40 76 10
62 63 6
41 78 6
41 72 7
79 83 7
42 75 13
40 72 18
49 105 3
61 44 10
55 65 11
10 61 8
53 72 14
64 64 16
70 75 18
4 125 4
67 62 12
71 31 5
40 79 17
86 49 13
63 61 11
60 54 17
64 61 12
53 54 16
9 84 5
62 62 12
72 44 18
56 50 17
74 67 12
42 88 11
73 112 5
62 77 15
62 62 19
41 79 9
65 64 18
70 58 12
64 63 7
80 51 16
54 60 18
67 73 9
63 64 7
62 66 12
126 34 5
62 66 10
66 64 13
71 68 15
61 53 18
54 73 9
37 83 18
66 15 4
59 63 19
94 36 4
43 75 13
91 49 9
64 63 10
56 62 8
43 82 19
73 59 10
20 41 2
63 63 6
62 62 6
83 45 18
88 50 16
122 65 4
63 63 10
64 70 13
87 51 6
45 74 11
39 74 16
48 43 6
75 116 2
40 64 1
120 77 2
57 65 9
41 81 10
66 69 6
63 64 10
37 80 10
68 62 16
64 62 16
80 46 17
61 50 10
64 61 10
78 53 12
51 68 19
54 68 6
46 78 10
39 78 19
39 79 9
64 71 13
82 75 7
61 63 12
59 77 18
93 46 15
89 49 12
89 50 14
73 64 17
65 62 11
74 69 14
39 78 14
49 55 16
94 51 17
62 63 14
76 64 7
43 83 8
78 62 18
63 64 9
51 69 17
90 50 13
25 79 13
44 80 8
67 64 13
58 70 18
79 8 8
62 68 6
65 56 17
54 54 18
89 46 9
65 61 8
89 50 17
33 96 14
69 61 19
65 63 8
67 56 11
61 52 17
54 70 13
73 72 5
36 82 5
64 66 12
90 50 5
64 68 13
4 106 8
84 52 5
77 46 11
88 52 19
68 73 11
87 53 6
61 64 14
66 77 10
88 48 9
49 74 7
77 43 14
71 73 18
36 70 18
71 81 18
40 80 17
123 2 2
36 75 9
37 79 13
90 49 17
65 81 12
37 87 8
37 81 10
65 64 9
67 20 2
63 64 11
64 65 8
95 51 14
70 55 9
54 72 16
63 64 13
98 40 15
63 64 16
61 62 5
97 48 11
65 61 9
62 64 12
61 57 6
70 62 14
74 63 5
71 68 8
81 71 7
117 11 1
69 10 6
49 82 5
34 83 6
43 76 17
64 59 6
69 25 1
62 64 6
46 85 7
55 56 15
66 40 16
70 55 8
65 69 6
65 62 17
66 62 7
59 59 19
64 66 11
59 56 17
76 98 7
57 62 10
66 55 7
61 71 11
29 80 12
31 62 13
90 50 16
85 48 18
40 95 11
29 77 5
75 49 12
48 69 10
57 80 5
38 24 4
40 86 14
40 80 5
63 65 5
52 76 12
93 46 9
67 58 16
62 58 10
48 62 19
36 80 18
84 57 6
71 63 18
41 70 18
24 87 11
69 80 17
39 80 15
81 53 9
34 73 5
34 85 1
37 72 8
71 65 12
87 58 19
81 59 6
33 87 17
59 70 9
80 70 13
65 64 11
55 61 7
46 70 1
87 45 5
38 80 16
62 60 15
79 55 13
62 61 17
62 64 13
25 98 6
64 60 15
60 68 16
59 64 11
96 56 8
64 57 8
67 68 10
54 60 9
68 63 11
63 67 16
87 44 16
90 48 16
90 47 12
68 80 6
91 32 4
70 62 15
66 62 7
25 82 15
9 2 5
90 50 12
94 50 14
90 49 17
36 75 5
41 81 9
89 50 17
90 49 12
59 53 16
88 50 19
54 71 19
11 0 8
71 64 14
45 57 15
89 50 6
62 63 9
65 53 7
90 50 12
62 65 5
62 68 17
89 50 12
64 63 13
33 74 14
75 65 6
38 90 11
55 60 9
65 64 7
90 51 7
54 67 14
48 56 6
29 82 11
64 72 7
66 74 7
66 57 8
71 51 17
64 77 17
90 50 17
35 73 10
65 63 8
49 80 10
66 72 5
40 79 16
39 84 19
64 65 12
72 64 16
65 56 9
65 54 17
54 59 11
58 69 13
36 81 7
58 55 16
64 63 12
96 44 14
54 58 6
4 16 6
63 64 14
65 70 7
64 62 8
39 80 9
63 64 10
88 51 13
41 73 19
114 91 6
65 65 19
65 67 11
40 75 18
39 84 19
75 56 10
90 50 6
66 59 18
90 50 9
86 53 8
65 57 14
94 52 14
87 49 19
69 67 15
37 88 9
67 64 7
60 63 17
54 83 12
39 80 18
61 75 7
31 77 8
67 63 12
42 80 11
86 49 8
30 86 10
75 57 15
64 65 6
38 73 8
61 62 7
88 51 17
59 73 7
40 76 8
45 74 11
56 71 13
41 75 14
44 80 15
66 49 19
67 57 8
62 61 13
59 67 11
62 66 14
30 78 5
52 55 13
65 62 12
72 72 6
39 79 14
59 79 18
50 86 5
60 64 12
90 48 6
118 34 4
45 79 11
58 64 17
86 8 7
38 80 16
64 63 5
54 58 9
52 60 9
15 115 3
65 63 14
64 60 7
57 59 13
37 76 5
70 82 7
39 79 6
46 72 12
65 64 15
37 74 12
66 65 19
39 79 19
65 70 10
63 65 7
63 54 19
43 86 12
50 75 13
68 60 17
91 47 6
66 66 7
43 88 18
57 56 16
64 58 6
57 52 18
30 4 8
40 77 11
33 74 16
40 80 7
90 49 17
63 67 16
66 67 8
66 62 10
65 64 17
54 60 16
60 56 11
72 72 17
70 60 9
58 78 13
84 39 14
39 79 14
42 81 15
80 57 15
66 57 8
109 101 6
41 80 7
53 67 10
65 66 8
32 42 4
40 103 18
45 86 5
39 79 6
40 81 10
94 53 7
50 81 8
57 90 8
64 67 12
24 86 11
50 77 17
58 78 8
83 52 5
62 63 9
64 51 6
1 61 1
42 72 17
63 57 16
63 72 9
62 49 17
76 50 6
64 68 17
57 58 9
56 70 13
71 73 8
39 79 15
59 67 14
40 79 10
68 87 5
62 65 8
35 79 5
7 51 2
25 79 11
62 56 13
77 76 7
74 62 17
0 23 4
64 65 9
61 69 10
66 62 13
70 56 5
37 86 9
59 63 14
56 62 6
45 76 7
90 52 5
78 65 14
62 65 6
38 85 7
70 89 8
84 46 5
68 71 18
51 89 16
64 71 8
60 64 15
61 59 9
89 88 2
22 92 7
46 68 8
52 56 15
71 42 7
91 50 12
93 48 11
37 84 17
76 58 6
64 63 13
85 12 5
61 76 7
59 60 9
54 64 9
104 62 7
76 70 12
62 50 5
34 75 17
65 65 9
63 68 19
40 78 13
89 44 8
58 54 11
56 52 19
87 50 6
54 74 15
85 48 9
36 84 6
39 78 14
44 80 9
88 48 11
89 49 9
91 28 5
93 51 16
58 66 18
64 64 14
64 63 16
105 109 5
77 43 6
67 63 12
55 63 19
67 67 9
89 50 8
71 55 19
80 60 15
70 67 13
58 41 7
51 74 19
74 72 9
65 75 15
91 39 4
41 81 19
58 64 18
40 86 16
40 82 15
36 74 8
102 43 17
66 57 9
86 49 6
56 57 16
42 74 17
66 61 9
92 55 10
70 60 19
85 36 16
86 45 17
58 63 18
34 74 7
69 59 12
67 60 7
42 81 7
64 63 16
66 59 11
66 66 8
56 65 7
32 76 13
68 57 18
67 66 13
90 48 15
60 57 5
66 72 11
31 74 18
40 79 16
90 49 13
32 78 18
60 62 7
51 59 13
56 59 13
90 46 13
61 71 5
90 49 5
51 71 6
42 77 10
66 69 17
38 83 7
64 63 8
38 82 9
47 78 9
48 79 18
39 83 19
64 64 11
87 43 10
94 51 13
121 86 6
33 9 4
59 62 12
63 61 11
55 63 12
43 8 7
77 56 8
56 62 7
55 36 2
90 54 5
42 65 6
68 65 6
93 33 6
58 61 5
64 63 8
120 77 7
64 63 11
40 85 19
64 64 13
39 79 8
62 77 16
109 18 1
93 48 18
54 57 7
90 47 19
93 53 10
117 2 1
71 64 7
76 53 13
41 70 18
64 63 16
87 52 10
39 80 12
85 50 9
39 74 15
37 79 15
90 46 11
66 62 10
59 72 13
68 47 8
120 22 1
63 65 9
64 68 9
60 64 6
74 63 19
59 67 15
46 86 7
39 78 7
63 68 13
91 56 9
60 65 19
91 53 11
60 84 2
61 67 10
81 58 16
63 69 12
65 63 14
36 76 16
76 107 5
40 83 18
64 64 12
67 57 18
89 50 6
122 94 4
64 64 10
61 55 19
41 74 5
64 60 17
38 78 17
90 46 19
42 83 18
61 59 6
51 54 8
38 89 16
90 50 10
41 74 13
70 69 11
71 58 5
53 59 6
75 65 17
63 64 13
63 63 9
50 66 6
55 63 6
64 63 8
91 41 16
69 60 9
37 83 16
80 49 18
86 51 9
33 88 11
85 52 9
65 64 11
57 56 17
88 47 13
92 50 11
60 68 19
62 62 19
71 65 11
40 79 11
66 76 16
41 76 15
38 80 5
44 82 3
65 63 17
91 45 10
63 64 6
36 76 13
56 71 17
65 62 5
60 55 18
59 57 15
38 80 14
66 52 15
34 74 10
32 80 11
64 64 7
51 65 15
83 70 6
102 3 7
68 61 12
44 79 7
90 51 7
87 56 5
58 72 8
67 60 19
76 87 8
65 67 19
33 86 5
69 82 11
64 64 6
42 24 7
68 74 11
90 49 8
69 71 19
40 84 9
37 83 18
62 59 13
61 72 9
69 78 3
71 62 15
68 71 19
41 89 17
68 69 9
33 80 13
67 73 11
78 66 19
79 46 9
64 63 7
64 63 6
76 86 3
42 81 6
79 55 5
56 58 6
89 50 15
94 52 15
39 80 14
96 30 8
61 61 9
47 78 10
64 54 6
55 80 10
70 64 17
79 57 17
58 57 8
47 83 10
46 59 12
68 66 13
40 126 1
64 63 13
41 79 16
38 83 5
63 68 6
51 75 18
60 23 3
48 81 10
63 57 12
50 64 6
63 62 17
65 56 16
42 79 10
33 81 4
38 80 8
57 68 19
61 61 18
90 50 7
62 66 5
41 80 8
82 48 5
59 50 7
40 84 17
11 115 6
65 55 12
33 85 8
67 66 15
92 115 3
60 62 19
57 55 11
62 65 12
68 68 11
50 95 17
17 97 7
85 51 17
59 64 5
84 43 9
78 75 16
108 62 6
94 47 16
98 42 11
49 83 9
102 53 8
42 75 9
45 40 8
69 80 10
58 69 19
64 63 12
65 63 18
59 58 13
59 61 6
58 63 10
41 80 5
62 57 5
64 63 17
83 49 3
41 77 15
64 65 12
70 66 17
40 80 12
41 85 14
43 87 9
70 48 14
89 50 15
40 77 17
83 62 17
44 61 3
50 63 19
60 58 9
62 75 13
91 52 17
62 61 17
50 80 17
50 86 7
52 48 14
44 78 14
14 72 5
49 82 16
91 51 11
55 56 19
71 58 14
62 64 14
39 82 10
78 101 8
60 81 6
56 64 5
27 79 6
63 62 10
64 64 13
39 74 8
57 51 11
65 63 13
64 62 11
86 53 7
68 71 8
45 77 8
42 71 11
13 114 8
31 51 6
82 60 9
64 64 10
62 59 11
62 67 5
63 65 18
61 68 12
63 62 10
24 80 5
88 49 14
67 58 14
123 22 6
56 58 12
65 75 9
59 74 5
65 60 9
66 56 9
66 68 16
42 78 16
62 63 18
90 47 18
69 68 15
62 53 6
59 67 11
91 51 17
61 67 10
46 72 10
65 54 5
47 75 10
63 62 8
113 55 6
39 78 15
66 51 17
64 64 12
72 63 18
37 79 9
64 64 15
67 66 6
55 67 15
69 67 9
62 64 14
97 16 8
66 67 13
55 65 18
40 50 11
53 64 18
90 50 10
68 64 19
63 69 17
43 64 13
54 55 16
44 81 16
64 64 10
94 46 16
40 79 13
39 79 18
60 57 8
61 64 12
70 53 13
73 68 17
68 68 12
67 52 7
67 55 12
61 71 8
65 55 17
36 13 2
72 69 10
64 59 13
76 52 14
95 24 3
64 57 13
51 82 16
63 64 5
78 65 13
63 63 10
27 17 8
85 48 13
65 65 9
47 77 11
59 74 12
69 58 15
53 49 15
93 55 16
55 81 17
34 76 14
90 50 12
38 82 13
63 60 16
80 43 12
38 33 3
64 59 16
43 89 17
64 54 16
39 80 11
62 64 17
63 68 6
72 71 6
61 56 16
58 60 10
86 44 9
67 62 5
47 45 15
60 59 9
65 63 5
95 47 13
80 18 6
92 50 16
72 59 8
74 59 5
