56 57 5
36 82 6
88 50 5
36 72 5
59 64 14
37 89 19
65 63 7
83 41 15
68 60 14
73 62 19
64 64 10
62 64 17
54 55 17
63 75 13
37 79 5
66 63 17
93 57 11
67 67 14
38 78 14
86 47 6
37 79 12
90 50 9
61 64 17
64 68 11
55 67 16
63 63 7
63 78 5
34 75 17
74 51 13
40 77 8
96 51 15
71 117 1
89 45 17
63 67 8
60 61 15
59 67 14
72 49 19
91 45 11
61 61 5
88 46 15
66 72 19
60 60 19
64 71 7
71 73 8
89 49 17
76 58 6
60 48 15
43 76 13
32 76 12
71 66 6
94 53 9
89 49 18
40 77 5
67 67 7
66 63 19
105 116 4
62 64 14
64 63 5
58 77 9
45 79 6
34 84 10
41 15 1
73 68 6
53 71 13
60 67 19
44 77 17
65 60 8
59 69 14
63 61 15
10 126 3
71 62 11
34 79 16
35 81 5
44 73 18
46 65 9
39 77 13
64 63 15
61 60 15
8 106 7
45 79 8
6 107 4
89 49 10
52 80 15
31 82 6
85 44 9
66 63 18
86 49 10
37 68 14
60 65 9
64 78 12
61 58 16
40 78 15
81 57 12
74 74 7
37 79 15
78 47 10
67 83 14
64 64 16
65 47 10
44 79 10
60 57 6
58 60 15
63 65 7
57 65 13
86 48 12
65 68 19
42 78 15
77 64 9
91 51 5
61 74 19
72 32 7
39 80 14
66 58 19
66 64 7
63 63 8
71 70 17
67 63 16
103 115 7
69 61 16
65 80 19
68 62 8
61 85 9
66 70 15
59 63 5
53 61 11
62 63 9
62 64 16
90 58 5
48 60 19
44 74 11
41 81 19
68 66 19
42 79 5
62 63 13
60 69 9
16 47 2
40 79 8
99 51 8
60 64 11
66 63 6
67 61 8
42 76 6
66 66 16
71 68 9
59 77 14
51 10 4
64 70 10
97 54 18
57 78 11
65 61 7
42 69 12
63 62 13
62 57 16
61 55 11
72 57 14
42 86 13
96 46 6
64 61 19
65 63 17
92 49 7
48 73 14
43 89 10
53 79 12
62 68 8
32 80 9
38 79 5
62 64 14
61 58 9
68 64 5
65 68 5
39 80 9
55 69 15
84 49 14
37 73 6
40 80 16
63 61 11
65 71 13
69 58 17
71 43 4
62 48 19
13 0 7
60 83 18
41 80 13
71 65 17
40 79 11
67 71 17
63 76 13
85 125 8
39 80 9
94 57 7
66 60 17
67 70 7
69 63 6
55 63 18
35 79 8
64 62 11
50 65 9
66 71 15
90 51 10
61 73 8
43 78 16
64 66 18
24 80 5
46 83 16
41 78 7
31 76 19
61 66 17
65 68 11
29 1 5
61 55 7
32 81 5
83 54 17
64 64 10
63 63 10
63 65 5
34 80 5
44 77 6
64 64 14
81 47 9
60 55 7
62 63 19
90 52 5
64 64 15
67 51 12
74 54 18
65 57 12
67 72 11
63 64 18
40 80 5
67 62 13
65 61 18
65 64 14
90 51 8
87 52 11
61 65 6
65 62 19
87 54 14
42 78 19
63 64 7
73 65 14
39 79 16
64 72 12
63 66 15
43 77 10
70 79 11
69 58 15
72 72 14
59 60 13
67 62 12
92 50 17
64 62 10
48 53 10
63 54 8
32 97 7
80 67 10
67 57 15
35 84 13
65 76 9
56 66 6
59 73 11
90 50 8
56 64 5
80 55 7
0 89 8
76 51 11
91 43 13
58 58 11
31 74 6
64 64 11
34 79 8
63 75 18
83 38 3
58 36 13
40 78 8
108 41 2
57 59 6
38 80 10
37 75 5
39 84 16
38 81 18
41 79 16
62 61 11
67 65 14
61 54 18
61 64 9
46 80 15
58 38 13
20 76 6
64 61 7
67 61 17
64 62 16
40 81 9
63 61 7
91 51 12
65 58 9
70 58 10
67 66 14
61 49 12
91 50 16
70 76 19
36 78 6
69 74 10
44 73 6
100 93 4
87 50 8
65 61 7
74 70 7
93 45 12
34 74 14
40 77 16
43 62 18
68 65 14
67 7 2
68 58 17
81 53 15
35 74 17
63 64 10
23 59 3
65 67 17
59 70 19
61 77 5
41 78 19
73 42 9
44 79 15
92 53 11
66 63 11
49 80 8
58 59 8
77 50 8
34 77 19
63 64 12
52 71 11
38 74 15
59 58 13
64 48 11
53 62 19
44 61 9
45 78 14
92 49 17
62 58 18
36 77 5
58 79 10
66 59 16
43 56 6
89 72 18
63 64 19
64 64 7
56 67 6
64 56 8
63 64 19
80 78 18
86 55 19
51 63 7
42 80 16
45 83 6
89 40 7
58 66 10
36 83 7
63 59 16
63 63 7
43 80 5
67 59 13
40 88 6
59 58 5
53 65 14
47 72 18
92 42 7
58 66 5
63 62 17
65 68 11
64 59 7
46 81 12
89 51 7
59 72 14
38 81 16
126 31 6
61 67 10
68 79 8
57 62 14
64 54 11
68 65 13
63 62 17
49 80 17
67 69 19
87 53 17
89 48 18
61 66 13
39 79 18
54 66 16
43 81 7
59 58 19
37 83 18
42 80 11
64 64 8
57 56 17
35 77 12
67 77 18
65 63 10
55 60 13
96 54 14
82 45 19
74 61 5
92 100 2
64 58 18
45 70 8
89 51 6
62 64 5
55 63 6
63 65 18
63 61 16
61 46 7
95 45 13
39 79 6
28 44 1
47 75 12
40 86 8
68 68 12
73 69 10
59 75 5
58 59 18
42 70 11
37 85 19
36 79 10
124 52 4
61 68 14
39 82 12
105 105 2
43 77 5
62 62 7
94 49 18
91 50 7
89 48 10
45 83 10
26 58 2
59 68 19
41 107 3
83 123 3
52 70 19
91 49 10
61 62 8
35 78 19
63 70 18
63 67 7
40 78 9
34 73 12
22 80 12
52 68 17
86 112 7
66 65 18
33 81 5
56 52 16
50 31 6
90 52 7
48 101 5
39 80 6
92 50 18
64 57 19
40 80 10
76 64 15
89 54 18
78 59 13
36 19 6
91 50 11
64 66 10
54 70 17
66 60 17
97 17 5
35 70 10
40 78 17
88 46 6
63 63 12
105 85 5
62 67 10
86 45 8
53 60 8
33 75 10
46 74 11
59 69 7
46 69 17
2 82 6
87 6 1
73 50 7
50 89 14
90 50 16
66 59 10
57 68 5
34 81 11
12 73 4
64 63 19
42 89 6
87 37 6
38 79 16
62 68 14
86 63 11
31 98 3
23 74 8
40 83 18
82 1 1
39 82 8
93 54 6
89 53 7
54 72 7
73 72 15
39 80 12
126 67 6
68 67 16
41 80 13
60 58 6
57 60 12
63 64 11
61 65 19
85 56 13
50 63 17
72 68 13
32 82 3
89 49 18
59 52 13
84 51 10
61 61 6
73 74 13
41 72 13
67 64 13
40 82 11
56 66 17
93 58 15
59 62 15
35 60 6
57 44 8
41 78 13
85 57 18
40 86 10
60 61 11
57 72 9
39 80 8
40 88 13
94 48 18
61 59 9
44 77 7
37 76 5
90 41 3
55 45 8
60 62 14
95 52 5
49 86 13
106 52 3
41 77 5
47 82 15
71 64 16
64 67 17
6 65 5
65 66 10
67 67 19
47 21 7
106 65 1
37 77 14
36 81 7
84 53 14
61 64 14
55 65 5
78 8 6
91 57 6
37 75 13
69 72 19
89 53 13
80 51 8
38 89 19
36 21 7
78 60 6
62 66 19
60 63 7
53 59 7
61 51 18
40 81 19
92 45 12
32 77 5
72 54 16
63 65 19
40 70 15
44 85 15
13 90 3
40 82 13
64 58 15
37 78 13
28 85 7
74 51 16
33 86 7
69 62 13
66 65 8
34 80 11
58 63 11
57 74 19
53 24 3
38 78 12
86 46 17
82 53 10
58 62 7
66 69 15
78 75 17
86 62 14
36 77 19
36 83 17
40 81 15
59 62 12
47 76 6
40 80 11
63 63 11
64 65 19
63 64 13
67 69 11
65 64 9
77 67 11
78 120 7
79 60 10
37 85 8
93 49 8
92 48 7
69 58 8
54 66 18
63 63 8
71 53 19
63 52 14
45 66 10
58 76 18
40 82 11
86 50 18
63 61 8
65 49 13
92 53 10
83 72 9
67 64 6
97 52 4
87 51 11
40 80 17
41 54 3
96 52 16
89 46 6
37 78 9
64 65 10
68 63 16
64 64 12
68 63 9
47 65 17
61 64 14
41 79 14
65 63 19
62 61 11
59 58 19
64 60 15
41 79 19
65 68 19
63 63 16
55 69 5
34 80 16
89 50 7
55 60 9
39 85 17
81 52 15
65 63 14
47 76 19
76 65 11
64 64 10
55 70 18
47 84 6
41 77 16
32 85 12
90 48 12
90 50 12
36 78 7
64 82 9
63 54 6
67 73 19
47 87 7
35 73 12
38 66 5
55 61 13
48 78 11
40 79 9
38 78 15
41 66 12
98 98 7
75 40 1
41 82 10
63 64 14
64 64 7
67 63 6
58 59 10
86 53 9
65 66 17
59 75 10
46 65 13
38 24 3
41 72 17
73 72 16
63 82 9
90 48 9
62 62 14
88 52 11
72 44 4
92 39 6
37 86 5
36 82 5
93 53 6
40 75 14
69 70 17
52 75 15
52 60 15
67 63 17
65 66 7
65 59 10
50 25 1
34 90 11
63 65 16
61 60 10
68 60 17
50 75 17
59 61 5
61 65 9
99 41 18
28 119 6
39 80 12
87 62 15
65 65 10
63 66 16
66 63 15
59 67 12
64 64 10
64 51 6
86 29 7
50 58 8
80 45 3
54 54 16
56 72 19
35 71 16
64 69 8
40 79 5
48 72 16
55 79 8
43 81 10
63 63 7
69 69 9
89 42 11
72 34 2
48 80 14
62 73 9
90 48 19
37 82 5
70 51 15
65 63 9
87 71 6
59 81 16
92 50 16
62 61 8
38 80 6
57 91 6
41 80 13
64 68 5
39 81 12
63 64 16
67 74 5
70 65 13
62 61 9
64 68 10
120 110 5
51 58 15
77 60 8
40 77 7
34 80 8
42 67 19
67 67 11
40 75 18
67 74 12
61 58 15
41 85 7
41 80 6
41 78 7
63 64 9
92 49 7
92 51 7
95 122 3
39 79 14
33 74 12
53 41 19
126 45 6
32 75 13
38 79 6
69 66 5
91 50 19
63 63 11
42 83 10
75 73 5
2 72 4
65 68 15
40 79 11
64 69 10
89 50 7
31 77 14
40 81 11
54 69 6
93 51 4
67 69 6
59 68 12
64 62 7
88 47 7
89 50 8
64 65 6
98 48 19
50 71 14
90 49 14
29 78 5
50 85 13
63 60 13
63 51 15
66 55 7
69 60 5
52 73 11
98 27 7
87 50 10
64 65 8
58 70 13
72 53 19
75 70 16
102 37 8
36 93 1
66 78 9
46 80 15
40 74 19
51 65 16
84 50 13
72 68 13
90 51 7
3 113 2
64 64 10
40 79 17
67 69 6
89 45 18
52 42 19
40 80 11
70 73 12
64 70 11
60 62 18
91 47 19
47 68 11
86 50 11
66 63 17
79 21 8
89 49 15
35 95 16
60 51 17
80 54 19
39 85 5
39 80 6
40 82 7
38 79 12
71 49 9
49 83 12
32 83 12
97 55 6
80 42 13
39 80 8
75 60 9
56 82 11
63 63 8
56 81 6
66 51 15
63 64 8
41 87 11
64 65 19
34 75 14
39 78 6
78 47 6
61 43 19
75 48 7
48 84 17
70 56 4
42 71 13
37 48 2
43 78 19
68 64 12
67 67 18
67 70 12
72 60 9
71 69 15
40 82 17
60 63 14
92 125 7
41 82 9
65 57 9
79 65 7
54 52 6
34 87 6
63 62 7
39 77 12
44 81 7
32 81 18
65 59 12
44 83 17
67 62 19
38 76 17
60 20 3
67 68 11
41 80 17
64 63 7
83 48 14
25 36 6
91 47 8
88 40 6
64 61 14
50 69 9
63 69 15
41 72 6
41 83 13
72 62 15
53 75 10
90 50 15
44 77 14
42 74 11
55 66 18
68 73 16
55 54 16
39 81 6
108 11 4
62 70 19
62 66 9
64 63 19
68 67 10
50 1 5
68 75 15
81 64 9
61 54 14
67 62 11
68 69 11
42 85 19
61 65 19
72 66 13
89 50 18
39 79 9
64 65 12
32 90 18
59 76 10
45 78 9
41 80 15
61 60 17
64 44 15
61 69 9
82 64 14
38 66 15
90 50 7
58 45 13
42 53 18
62 70 10
99 43 2
38 80 13
69 67 15
89 50 7
62 86 1
57 61 8
55 68 11
56 49 11
43 72 12
96 49 8
63 79 18
51 61 13
66 64 10
40 82 8
88 52 9
52 63 19
64 66 9
63 71 9
20 40 4
39 80 14
74 65 18
42 83 17
87 15 3
40 78 13
90 49 9
4 107 1
60 61 19
47 69 14
90 51 19
63 64 11
43 74 19
94 48 19
44 67 16
66 76 15
31 77 10
41 81 14
64 64 18
62 44 18
42 84 16
65 64 17
88 47 13
77 59 6
80 63 13
42 80 16
39 80 9
56 62 5
94 43 17
36 82 7
61 52 5
63 56 19
